run	time	UA	tot.inc	even.age	sup.mat	s.inc.burnt	s.inc.mat.burnt	s.inc.kill	s.inc.mat.kill	cc.area.unaff	cc.area.salvaged	harv.cc.EPN	harv.cc.BOJ	harv.cc.PET	harv.cc.SAB	harv.cc.ERS	harv.cc.other	reg.fail.ex	reg.fail.inc
1	5	11161	4968	4516	1216	0	0	0	0	240	0	40	0	40	128	0	32	0	0
1	5	11262	3304	3060	1032	0	0	0	0	172	0	36	0	48	52	0	36	0	0
1	5	11263	3152	2948	964	0	0	0	0	168	0	20	0	12	112	0	24	0	0
1	5	1171	3068	2204	776	68	16	0	0	72	4	0	0	32	16	0	24	0	24
1	5	121	4672	3536	1116	0	0	0	0	156	0	12	0	24	24	8	88	0	0
1	5	122	4868	3768	1580	16	8	0	0	152	12	24	0	32	40	0	68	0	4
1	5	1272	6204	5636	2236	84	48	0	0	224	48	0	0	12	184	4	72	0	28
1	5	141	2028	1212	664	0	0	0	0	52	0	0	0	8	8	4	32	0	0
1	5	151	4632	2220	1136	12	4	0	0	76	8	0	0	12	16	4	52	0	0
1	5	161	3376	2000	1012	0	0	0	0	84	0	0	0	0	4	0	80	0	0
1	5	171	3544	2968	1164	0	0	0	0	140	0	4	0	0	16	0	120	0	0
1	5	21	1560	1472	408	0	0	0	0	72	0	16	0	28	16	0	12	0	0
1	5	22	1752	1656	252	96	8	0	0	0	0	0	0	0	0	0	0	0	36
1	5	2371	11772	11056	5276	4	0	0	0	524	0	224	4	28	196	0	72	0	4
1	5	2471	14796	14024	7484	164	132	0	0	544	132	520	0	0	124	0	32	12	32
1	5	2571	24056	22840	9604	2836	1492	0	0	884	220	852	0	60	36	0	156	196	1104
1	5	2651	1628	1536	852	84	48	0	0	56	12	56	0	0	4	0	8	0	32
1	5	2661	3880	3684	1340	0	0	0	0	108	0	100	0	0	0	0	8	0	0
1	5	2662	2120	2016	888	0	0	0	0	84	0	84	0	0	0	0	0	0	0
1	5	2663	1420	1324	640	112	80	0	0	56	16	60	0	0	0	0	12	20	16
1	5	2664	3740	3564	1436	700	368	0	0	100	24	104	0	0	4	0	16	20	296
1	5	2665	2960	2824	1424	92	72	0	0	88	20	100	0	0	0	0	8	0	12
1	5	2666	1896	1804	780	280	212	0	0	44	12	56	0	0	0	0	0	0	44
1	5	2751	9700	9192	4184	84	28	0	0	404	28	312	0	4	96	0	20	12	56
1	5	3153	1144	1092	196	104	16	0	0	32	8	8	0	0	28	0	4	24	56
1	5	3171	2248	1584	528	60	28	0	0	68	16	24	0	4	44	0	12	0	24
1	5	3351	3008	2760	896	84	16	0	0	116	24	84	0	24	16	0	16	0	36
1	5	3451	136	100	44	0	0	0	0	4	0	0	0	0	0	0	4	0	0
1	5	3551	1116	844	288	0	0	0	0	28	0	12	0	4	4	0	8	0	0
1	5	41	2252	1356	468	0	0	0	0	40	0	0	0	4	4	0	32	0	0
1	5	4151	4448	3080	1516	64	32	0	0	152	28	8	0	20	24	4	124	0	8
1	5	4251	8416	7320	2640	612	260	0	0	268	68	80	8	52	72	0	124	44	156
1	5	4351	9180	8724	3336	0	0	0	0	408	0	204	0	24	24	0	156	0	0
1	5	4352	5920	5184	3084	1080	636	0	0	212	52	28	0	80	36	0	120	36	112
1	5	51	7244	4784	1484	16	4	0	0	120	8	8	0	4	48	4	64	0	0
1	5	5151	368	212	104	0	0	0	0	12	0	4	0	0	4	0	4	0	0
1	5	6151	548	184	152	0	0	0	0	8	0	0	0	4	0	4	0	0	0
1	5	6271	4304	3024	1300	0	0	0	0	184	0	12	4	32	36	8	92	0	0
1	5	6452	1300	396	264	0	0	0	0	24	0	0	0	4	4	0	16	0	0
1	5	6471	9564	5872	3036	0	0	0	0	276	0	56	0	40	48	8	124	0	0
1	5	71	5116	2920	1792	4	0	0	0	132	0	0	0	40	36	0	56	0	0
1	5	7151	2324	1072	656	0	0	0	0	44	0	0	0	8	4	0	32	0	0
1	5	7152	4744	2892	1668	0	0	0	0	132	0	4	0	32	4	0	92	0	0
1	5	7251	1164	344	252	0	0	0	0	16	0	0	0	0	0	0	16	0	0
1	5	7351	3604	1688	1096	0	0	0	0	76	0	0	0	44	0	0	32	0	0
1	5	7352	3188	2348	1600	0	0	0	0	132	0	4	0	4	16	0	108	0	0
1	5	7451	7512	6108	3412	0	0	0	0	292	0	32	4	56	24	0	176	0	0
1	5	81	1060	996	384	0	0	0	0	48	0	4	0	16	0	0	28	0	0
1	5	8151	3016	1404	1132	0	0	0	0	72	0	0	4	12	0	4	52	0	0
1	5	8152	5624	4244	2936	0	0	0	0	216	0	0	4	48	16	0	148	0	0
1	5	82	4592	4336	1008	84	8	0	0	64	16	28	0	40	8	0	4	0	0
1	5	8251	4600	4336	1620	184	124	0	0	180	44	76	0	60	44	0	44	4	40
1	5	8351	8772	8032	3448	0	0	0	0	404	0	120	0	32	8	0	244	0	0
1	5	8451	6152	5832	2084	0	0	0	0	260	0	164	0	28	24	0	44	0	0
1	5	8462	2108	2016	724	60	12	0	0	68	16	56	0	8	8	0	12	0	36
1	5	8551	6340	6052	2356	72	32	0	0	204	28	200	0	16	0	0	16	0	16
1	5	8562	404	364	252	0	0	0	0	20	0	20	0	0	0	0	0	0	0
1	5	8651	3332	3104	792	0	0	0	0	88	0	60	0	16	0	0	12	0	0
1	5	8652	2692	2528	1000	0	0	0	0	72	0	60	0	8	0	0	4	0	0
1	5	8663	1840	1780	1260	0	0	0	0	84	0	84	0	0	0	0	0	0	0
1	5	8664	1764	1700	1128	0	0	0	0	76	0	72	0	0	0	0	4	0	0
1	5	8665	2340	2224	1252	0	0	0	0	100	0	92	0	4	0	0	4	0	0
1	5	8666	3300	3116	1464	0	0	0	0	124	0	112	0	0	0	0	12	0	0
1	5	8751	3780	3600	1296	0	0	0	0	144	0	92	0	12	16	0	24	0	0
1	5	8762	3296	3172	1220	0	0	0	0	92	0	80	0	0	0	0	12	0	0
1	5	8763	3064	2912	1044	0	0	0	0	84	0	64	0	4	0	0	16	0	0
1	5	8764	3816	3612	1644	0	0	0	0	120	0	100	0	4	0	0	16	0	0
1	5	91	2412	2252	1288	40	12	0	0	96	24	32	0	12	60	0	16	0	4
1	5	9351	15292	14484	7136	284	244	0	0	560	140	532	0	20	108	0	40	4	36
1	5	9352	7428	7124	4272	80	60	0	0	240	60	280	0	0	8	0	12	0	0
1	5	9471	14744	14016	10236	148	144	0	0	604	136	612	0	0	108	0	20	4	0
1	5	9551	1568	1504	1256	0	0	0	0	80	0	44	0	0	28	0	8	0	0
1	5	9751	10512	9932	3276	88	24	0	0	396	28	268	0	32	92	0	32	4	36
1	10	11	7644	6084	2008	164	40	0	0	244	52	4	0	72	104	0	116	0	44
1	10	111	3212	2564	812	0	0	0	0	140	0	0	4	48	56	0	32	0	0
1	10	11161	4968	4432	1112	116	20	0	0	192	48	52	0	8	148	0	32	0	32
1	10	11262	3304	3024	948	60	8	0	0	152	20	36	0	36	48	0	52	0	36
1	10	11263	3152	2896	936	0	0	0	0	168	0	20	4	12	108	0	24	0	0
1	10	1171	3068	2224	764	40	16	0	0	56	16	4	0	20	20	4	24	0	8
1	10	121	4672	3488	1128	0	0	0	0	156	0	8	0	32	32	0	84	0	0
1	10	122	4868	3788	1552	0	0	0	0	164	0	12	0	44	32	0	76	0	0
1	10	1272	6204	5584	2136	184	88	0	0	216	56	4	4	32	176	0	56	12	32
1	10	141	2028	1184	616	20	16	0	0	40	12	0	0	12	8	0	32	0	0
1	10	151	4632	2200	1148	24	0	0	0	72	12	0	0	28	12	4	40	0	0
1	10	161	3376	1996	1032	0	0	0	0	84	0	0	0	8	0	4	72	0	0
1	10	171	3544	2972	1172	0	0	0	0	140	0	4	0	0	20	0	116	0	0
1	10	21	1560	1448	384	0	0	0	0	72	0	8	0	36	4	0	24	0	0
1	10	22	1752	1628	312	4	0	0	0	0	0	0	0	0	0	0	0	0	0
1	10	2371	11772	11044	5260	1572	644	0	0	420	104	208	0	16	232	0	68	56	628
1	10	2471	14796	13992	7064	304	188	0	0	540	136	524	0	0	108	0	44	16	104
1	10	2571	24056	22704	7584	332	128	0	0	972	132	872	0	16	96	0	120	24	164
1	10	2651	1628	1552	888	36	28	0	0	56	12	40	0	0	8	0	20	0	8
1	10	2661	3880	3696	1268	0	0	0	0	108	0	96	0	0	4	0	8	0	0
1	10	2662	2120	2000	816	0	0	0	0	84	0	80	0	0	0	0	4	0	0
1	10	2663	1420	1340	592	36	16	0	0	56	16	60	0	0	4	0	8	0	8
1	10	2664	3740	3580	1068	124	68	0	0	100	24	92	0	8	4	0	20	0	28
1	10	2665	2960	2840	1440	4	4	0	0	104	4	96	0	0	0	0	8	0	0
1	10	2666	1896	1780	600	228	108	0	0	44	12	44	0	0	0	0	12	0	100
1	10	2751	9700	9232	3908	4	4	0	0	428	4	344	0	4	56	0	24	4	0
1	10	3153	1144	1100	180	0	0	0	0	40	0	12	0	0	20	0	8	0	0
1	10	3171	2248	1616	564	0	0	0	0	84	0	20	0	4	20	0	40	0	0
1	10	3351	3008	2756	864	0	0	0	0	140	0	32	0	20	60	0	28	0	0
1	10	3451	136	88	40	0	0	0	0	4	0	0	0	0	4	0	0	0	0
1	10	3551	1116	864	288	0	0	0	0	28	0	12	0	0	4	0	12	0	0
1	10	41	2252	1404	468	0	0	0	0	40	0	0	0	4	12	0	24	0	0
1	10	4151	4448	3088	1484	0	0	0	0	180	0	12	0	44	48	0	76	0	0
1	10	4251	8416	7328	2364	0	0	0	0	336	0	72	0	44	80	4	136	0	0
1	10	4351	9180	8648	3464	168	96	0	0	328	80	232	0	16	52	0	108	0	20
1	10	4352	5920	5124	2416	0	0	0	0	264	0	12	0	60	12	0	180	0	0
1	10	51	7244	4756	1632	32	16	0	0	112	16	4	0	20	16	0	88	0	0
1	10	5151	368	220	108	0	0	0	0	12	0	0	0	4	4	0	4	0	0
1	10	6151	548	184	152	0	0	0	0	8	0	0	0	4	4	0	0	0	0
1	10	6271	4304	3044	1228	80	48	0	0	148	36	12	0	48	52	0	72	0	16
1	10	6452	1300	424	292	36	24	0	0	20	4	0	0	8	8	4	4	0	0
1	10	6471	9564	5924	3224	36	24	0	0	248	28	56	0	36	48	8	128	0	8
1	10	71	5116	2900	1748	40	28	0	0	112	20	4	0	36	24	0	68	0	0
1	10	7151	2324	1080	672	4	0	0	0	44	0	0	0	8	0	4	32	0	0
1	10	7152	4744	2952	1712	0	0	0	0	132	0	8	0	16	4	4	100	0	0
1	10	7251	1164	328	232	32	8	0	0	16	0	0	0	0	0	0	16	0	0
1	10	7351	3604	1656	1060	28	16	0	0	68	8	0	0	24	12	8	32	0	0
1	10	7352	3188	2304	1460	0	0	0	0	132	0	32	0	8	12	0	80	0	0
1	10	7451	7512	6008	3316	0	0	0	0	292	0	48	0	56	12	0	176	0	0
1	10	81	1060	1000	380	0	0	0	0	48	0	4	0	24	4	0	16	0	0
1	10	8151	3016	1408	1120	64	40	0	0	56	16	0	0	16	8	0	48	0	4
1	10	8152	5624	4268	2760	20	16	0	0	200	16	8	0	44	16	0	148	0	0
1	10	82	4592	4332	1148	284	92	0	0	64	16	20	0	48	8	0	4	0	52
1	10	8251	4600	4292	1500	8	4	0	0	216	8	60	0	60	16	0	88	0	0
1	10	8351	8772	7916	3376	0	0	0	0	404	0	144	8	24	12	0	216	0	0
1	10	8451	6152	5872	2000	80	20	0	0	232	28	160	0	24	8	0	68	0	28
1	10	8462	2108	2024	640	304	108	0	0	68	16	68	0	4	4	0	8	0	88
1	10	8551	6340	6024	2320	420	160	0	0	184	48	192	0	20	8	0	12	0	168
1	10	8562	404	372	252	0	0	0	0	20	0	20	0	0	0	0	0	0	0
1	10	8651	3332	3208	864	124	40	0	0	72	16	56	0	16	0	0	16	0	60
1	10	8652	2692	2592	984	0	0	0	0	72	0	48	0	12	4	0	8	0	0
1	10	8663	1840	1752	1220	0	0	0	0	84	0	84	0	0	0	0	0	0	0
1	10	8664	1764	1708	1192	104	88	0	0	60	16	76	0	0	0	0	0	0	4
1	10	8665	2340	2188	1256	52	48	0	0	80	20	100	0	0	0	0	0	0	4
1	10	8666	3300	3136	1456	44	8	0	0	112	12	104	0	0	8	0	12	4	28
1	10	8751	3780	3572	1256	0	0	0	0	144	0	96	0	4	16	0	28	0	0
1	10	8762	3296	3064	1252	212	136	0	0	72	20	76	0	0	0	0	16	0	64
1	10	8763	3064	2908	1084	0	0	0	0	84	0	68	0	0	4	0	12	0	0
1	10	8764	3816	3628	1668	0	0	0	0	120	0	108	0	0	0	0	12	0	0
1	10	91	2412	2284	1264	0	0	0	0	120	0	36	0	4	68	0	12	0	0
1	10	9351	15292	14504	6676	1280	476	0	0	560	140	496	0	28	148	0	28	132	624
1	10	9352	7428	7052	4060	0	0	0	0	300	0	292	0	0	4	0	4	0	0
1	10	9471	14744	13988	9824	284	180	0	0	592	148	600	0	4	128	0	8	0	76
1	10	9551	1568	1496	1172	0	0	0	0	80	0	56	0	0	24	0	0	0	0
1	10	9751	10512	9844	3092	812	336	0	0	340	84	308	0	28	48	0	40	20	412
1	15	11	7644	5988	1936	0	0	0	0	296	0	8	0	108	104	0	76	0	0
1	15	111	3212	2560	772	56	24	0	0	112	28	0	0	48	60	0	32	0	8
1	15	11161	4968	4436	1016	60	12	0	0	228	12	28	0	36	124	0	52	8	28
1	15	11262	3304	3004	892	0	0	0	0	172	0	40	0	28	72	0	32	0	0
1	15	11263	3152	2956	892	96	56	0	0	136	32	16	0	12	124	0	16	4	8
1	15	1171	3068	2204	724	0	0	0	0	72	0	0	0	16	28	0	28	0	0
1	15	121	4672	3480	1136	4	0	0	0	156	0	16	0	12	40	0	88	0	4
1	15	122	4868	3640	1448	80	32	0	0	132	32	8	0	28	36	0	92	0	24
1	15	1272	6204	5556	2008	0	0	0	0	272	0	8	0	16	164	0	84	0	0
1	15	141	2028	1172	604	0	0	0	0	52	0	0	0	8	4	0	40	0	0
1	15	151	4632	2176	1196	0	0	0	0	84	0	0	0	12	24	4	44	0	0
1	15	161	3376	1936	980	0	0	0	0	84	0	0	0	8	4	0	72	0	0
1	15	171	3544	2924	1216	28	24	0	0	120	20	0	0	0	20	4	116	0	4
1	15	21	1560	1412	360	388	104	0	0	56	16	20	0	28	8	0	16	4	80
1	15	22	1752	1616	392	0	0	0	0	0	0	0	0	0	0	0	0	0	0
1	15	2371	11772	10980	4548	1072	576	0	0	420	104	220	0	20	220	0	64	60	264
1	15	2471	14796	14032	6640	640	296	0	0	540	136	516	0	8	128	0	24	36	288
1	15	2571	24056	22736	6844	2260	724	0	0	888	220	888	0	44	72	0	104	332	1244
1	15	2651	1628	1524	816	0	0	0	0	68	0	48	0	0	8	0	12	0	0
1	15	2661	3880	3712	1240	44	28	0	0	88	20	104	0	0	0	0	4	32	16
1	15	2662	2120	2020	764	0	0	0	0	84	0	84	0	0	0	0	0	0	0
1	15	2663	1420	1360	564	36	8	0	0	64	8	56	0	0	0	0	16	8	16
1	15	2664	3740	3540	904	0	0	0	0	124	0	100	0	8	0	0	16	0	0
1	15	2665	2960	2788	1336	20	8	0	0	104	4	88	0	0	0	0	16	0	12
1	15	2666	1896	1804	464	12	0	0	0	56	0	40	0	0	4	0	12	0	8
1	15	2751	9700	9248	3612	480	136	0	0	344	88	332	0	12	68	0	20	104	228
1	15	3153	1144	1112	168	0	0	0	0	40	0	4	0	0	28	0	8	0	0
1	15	3171	2248	1572	504	0	0	0	0	84	0	36	0	4	28	0	16	0	0
1	15	3351	3008	2672	788	108	44	0	0	112	28	52	0	40	20	0	28	4	12
1	15	3451	136	100	44	0	0	0	0	4	0	0	0	4	0	0	0	0	0
1	15	3551	1116	832	248	12	4	0	0	24	4	4	0	8	8	0	8	0	4
1	15	41	2252	1364	488	0	0	0	0	40	0	0	0	16	4	0	20	0	0
1	15	4151	4448	3052	1420	136	68	0	0	144	36	8	0	40	60	4	68	0	16
1	15	4251	8416	7168	2212	188	40	0	0	288	48	96	8	48	60	0	124	0	84
