run	time	domain	spp	0-20	20-40	40-60	60-80	80-100	>100	Tot
1	0	3	BOJ	388	128	84	1284	68	3876	5828
1	0	3	EPN	260	224	240	472	124	140	1460
1	0	3	ERS	1684	1384	840	9168	264	10448	23788
1	0	3	NonFor	5852	1440	0	0	0	0	7292
1	0	3	other	3840	3440	3280	8772	1216	4212	24760
1	0	3	PET	1472	2000	1652	3720	420	408	9672
1	0	3	SAB	984	1992	2332	2872	176	584	8940
1	0	2	BOJ	940	308	68	1596	184	5620	8716
1	0	2	EPN	11608	10776	7936	10240	4508	8884	53952
1	0	2	ERS	648	240	168	1888	52	2976	5972
1	0	2	NonFor	14092	3744	0	0	0	4	17840
1	0	2	other	12960	11032	9040	15688	3744	6456	58920
1	0	2	PET	4736	4956	5892	8020	1372	596	25572
1	0	2	SAB	7536	8652	6736	10636	2220	5228	41008
1	0	1	BOJ	0	0	0	0	0	0	0
1	0	1	EPN	27944	15768	4132	13344	10300	56664	128152
1	0	1	ERS	0	0	0	0	0	0	0
1	0	1	NonFor	32628	9724	0	0	44	88	42484
1	0	1	other	5964	2632	1016	2316	1832	1276	15036
1	0	1	PET	1040	976	272	524	724	156	3692
1	0	1	SAB	3836	3328	840	1392	904	9324	19624
1	5	3	BOJ	412	176	168	996	376	3420	5548
1	5	3	EPN	196	248	244	352	188	168	1396
1	5	3	ERS	1632	1516	1080	7116	2468	10412	24224
1	5	3	NonFor	4320	2972	0	0	0	0	7292
1	5	3	other	3868	3736	3196	6620	2836	4212	24468
1	5	3	PET	1996	1912	1704	2628	1196	604	10040
1	5	3	SAB	980	1668	2348	2368	804	604	8772
1	5	2	BOJ	1092	512	480	1240	600	5100	9024
1	5	2	EPN	10152	11088	8340	8148	5616	8636	51980
1	5	2	ERS	772	348	408	1516	532	3096	6672
1	5	2	NonFor	10568	7236	32	0	0	4	17840
1	5	2	other	11920	11824	9420	12660	6032	6560	58416
1	5	2	PET	7892	4868	5748	5732	2720	836	27796
1	5	2	SAB	6968	8624	7212	8464	3852	5132	40252
1	5	1	BOJ	4	0	4	0	4	0	12
1	5	1	EPN	25252	20044	5464	8992	10380	53440	123572
1	5	1	ERS	0	0	0	0	0	0	0
1	5	1	NonFor	24956	17172	224	0	36	96	42484
1	5	1	other	4968	3580	1284	1888	1764	1648	15132
1	5	1	PET	4160	984	448	368	648	212	6820
1	5	1	SAB	3848	3816	1392	1180	1112	9620	20968
1	10	3	BOJ	380	232	212	720	652	3364	5560
1	10	3	EPN	144	288	220	252	240	180	1324
1	10	3	ERS	1528	1620	1376	4904	4820	10448	24696
1	10	3	NonFor	2880	4412	0	0	0	0	7292
1	10	3	other	4048	3884	3240	4796	4204	4032	24204
1	10	3	PET	2560	1764	1856	1700	1716	572	10168
1	10	3	SAB	900	1440	2312	1972	1320	552	8496
1	10	2	BOJ	1232	664	888	848	1144	5160	9936
1	10	2	EPN	10020	11032	8428	6140	5488	7840	48948
1	10	2	ERS	1044	464	736	1024	1108	3132	7508
1	10	2	NonFor	7252	10404	180	0	0	4	17840
1	10	2	other	11396	12404	9724	9992	7924	6340	57780
1	10	2	PET	12192	4616	5208	3876	3432	888	30212
1	10	2	SAB	6568	7956	8288	6792	5128	5024	39756
1	10	1	BOJ	4	0	8	0	8	0	20
1	10	1	EPN	23108	22748	7508	6108	9392	49824	118688
1	10	1	ERS	0	0	0	0	0	0	0
1	10	1	NonFor	17192	24184	976	0	24	108	42484
1	10	1	other	4536	4376	1540	1416	1712	1876	15456
1	10	1	PET	8156	928	548	336	580	240	10788
1	10	1	SAB	3864	3972	1572	1368	1224	9552	21552
1	15	3	BOJ	336	288	236	504	928	3372	5664
1	15	3	EPN	116	284	224	192	256	176	1248
1	15	3	ERS	1476	1640	1472	3020	7012	10500	25120
1	15	3	NonFor	1424	5348	520	0	0	0	7292
1	15	3	other	3908	3892	3424	3420	5204	3968	23816
1	15	3	PET	2976	1552	2008	1060	2124	616	10336
1	15	3	SAB	908	1200	2212	1824	1520	600	8264
1	15	2	BOJ	1336	820	948	820	1480	5244	10648
1	15	2	EPN	8572	10704	9028	5600	5460	7552	46916
1	15	2	ERS	1168	588	764	860	1508	3168	8056
1	15	2	NonFor	4140	12288	1408	0	0	4	17840
1	15	2	other	10660	12616	10228	8056	9072	6364	56996
1	15	2	PET	15224	4536	5000	2472	4028	916	32176
1	15	2	SAB	5820	7632	8592	6220	5952	5132	39348
1	15	1	BOJ	16	0	0	8	4	4	32
1	15	1	EPN	21720	24124	10300	4080	8772	45976	114972
1	15	1	ERS	0	0	0	0	0	0	0
1	15	1	NonFor	9860	28504	3988	0	8	124	42484
1	15	1	other	3924	5004	1912	1112	1700	2008	15660
1	15	1	PET	10976	864	656	244	456	308	13504
1	15	1	SAB	4044	3756	2276	1340	1224	9696	22336
1	20	3	BOJ	268	368	224	192	1156	3324	5532
1	20	3	EPN	68	260	224	196	280	180	1208
1	20	3	ERS	1340	1660	1844	1212	8928	10520	25504
1	20	3	NonFor	80	5796	1416	0	0	0	7292
1	20	3	other	4092	3780	3516	2420	5936	3836	23580
1	20	3	PET	3532	1392	2012	576	2628	584	10724
1	20	3	SAB	740	940	2036	1772	1820	592	7900
1	20	2	BOJ	1540	916	996	844	1612	5376	11284
1	20	2	EPN	7548	10244	9664	5176	4864	7132	44628
1	20	2	ERS	1408	640	804	692	1992	3248	8784
1	20	2	NonFor	904	13372	3560	0	0	4	17840
1	20	2	other	10268	12328	11080	6652	9796	6316	56440
1	20	2	PET	18484	4296	4836	1576	4424	876	34492
1	20	2	SAB	5148	7048	9092	5868	5944	5412	38512
1	20	1	BOJ	16	0	8	8	0	8	40
1	20	1	EPN	19928	23916	13884	3080	7788	42256	110852
1	20	1	ERS	0	0	0	0	0	0	0
1	20	1	NonFor	2452	30712	9188	0	0	132	42484
1	20	1	other	3340	5392	2416	876	1648	2196	15868
1	20	1	PET	14700	672	756	160	308	372	16968
1	20	1	SAB	3956	3348	3252	1232	1216	9772	22776
1	25	3	BOJ	200	396	248	268	868	3456	5436
1	25	3	EPN	80	192	248	200	204	224	1148
1	25	3	ERS	1216	1620	1968	1452	7240	12360	25856
1	25	3	NonFor	56	4296	2940	0	0	0	7292
1	25	3	other	4140	3800	3836	2448	4648	4632	23504
1	25	3	PET	3360	1884	1928	612	2204	760	10748
1	25	3	SAB	724	944	1732	1780	1688	888	7756
1	25	2	BOJ	1456	1048	1152	1240	1412	5588	11896
1	25	2	EPN	7472	8800	9720	5384	3904	7168	42448
1	25	2	ERS	1488	740	888	972	2004	3592	9684
1	25	2	NonFor	1040	9956	6812	32	0	0	17840
1	25	2	other	10228	11308	11664	6832	7968	7544	55544
1	25	2	PET	19088	6944	4660	1624	3284	1084	36684
1	25	2	SAB	5152	6492	8860	6096	5156	6128	37884
1	25	1	BOJ	24	4	12	16	0	12	68
1	25	1	EPN	18636	21940	17496	4100	5364	39720	107256
1	25	1	ERS	0	0	0	0	0	0	0
1	25	1	NonFor	2564	23392	16184	220	0	124	42484
1	25	1	other	3360	4540	3324	1100	1316	2472	16112
1	25	1	PET	14708	3304	784	192	244	440	19672
1	25	1	SAB	3860	3416	3752	1376	1028	9964	23396
1	30	3	BOJ	184	364	280	296	616	3028	4768
1	30	3	EPN	112	140	284	132	160	256	1084
1	30	3	ERS	1328	1520	2024	1808	5384	14172	26236
1	30	3	NonFor	100	2860	4332	0	0	0	7292
1	30	3	other	4260	3944	3952	2508	3492	5464	23620
1	30	3	PET	3616	2408	1784	688	1812	1100	11408
1	30	3	SAB	720	852	1492	1660	1376	1232	7332
1	30	2	BOJ	1500	1168	1092	1616	1124	4892	11392
1	30	2	EPN	5668	8668	10036	5788	3200	7032	40392
1	30	2	ERS	1700	980	948	1284	1808	4148	10868
1	30	2	NonFor	648	6968	10048	176	0	0	17840
1	30	2	other	9780	10844	12192	7052	6384	8492	54744
1	30	2	PET	18680	10756	4608	1680	2484	1368	39576
1	30	2	SAB	4916	6032	8292	6620	4448	6860	37168
1	30	1	BOJ	32	4	12	20	0	12	80
1	30	1	EPN	16460	20668	20044	5528	3652	36540	102892
1	30	1	ERS	0	0	0	0	0	0	0
1	30	1	NonFor	2544	16124	22748	944	0	124	42484
1	30	1	other	2792	4296	4212	1324	1004	2668	16296
1	30	1	PET	13800	7172	784	180	232	536	22704
1	30	1	SAB	3480	3656	4172	1580	1164	10480	24532
1	35	3	BOJ	136	324	296	296	332	2668	4052
1	35	3	EPN	124	112	272	112	112	276	1008
1	35	3	ERS	1440	1456	2232	1904	3628	16404	27064
1	35	3	NonFor	120	1412	5248	512	0	0	7292
1	35	3	other	4464	3828	4044	2720	2632	6232	23920
1	35	3	PET	3620	2844	1616	660	1284	1596	11620
1	35	3	SAB	524	864	1240	1536	1096	1524	6784
1	35	2	BOJ	1356	1284	1140	1620	920	4504	10824
1	35	2	EPN	5620	7224	9692	6088	2768	6632	38024
1	35	2	ERS	1940	1100	1172	1296	1624	5264	12396
1	35	2	NonFor	728	3960	11784	1368	0	0	17840
1	35	2	other	9972	10176	12488	7384	5032	9280	54332
1	35	2	PET	19024	13468	4516	1808	1756	1760	42332
1	35	2	SAB	5008	5272	8008	6628	3756	7560	36232
1	35	1	BOJ	36	16	0	20	8	12	92
1	35	1	EPN	13520	19664	21488	7980	2484	33848	98984
1	35	1	ERS	0	0	0	0	0	0	0
1	35	1	NonFor	1904	9304	27284	3868	0	124	42484
1	35	1	other	2664	3784	4852	1612	756	2872	16540
1	35	1	PET	13816	9816	792	296	196	596	25512
1	35	1	SAB	3284	3788	4052	2324	944	10984	25376
1	40	3	BOJ	100	252	360	276	188	2272	3448
1	40	3	EPN	136	64	244	140	88	280	952
1	40	3	ERS	1512	1312	2276	2212	1916	18532	27760
1	40	3	NonFor	156	80	5652	1404	0	0	7292
1	40	3	other	4576	3940	3996	2752	1960	6900	24124
1	40	3	PET	3712	3340	1476	632	744	2016	11920
1	40	3	SAB	468	680	952	1440	1072	1632	6244
1	40	2	BOJ	1152	1476	1244	1532	984	4132	10520
1	40	2	EPN	5092	6256	8904	6504	2448	6272	35476
1	40	2	ERS	2148	1328	1300	1280	1428	6308	13792
1	40	2	NonFor	784	800	12812	3444	0	0	17840
1	40	2	other	9980	9680	12396	7940	4148	9756	53900
1	40	2	PET	19560	16380	4272	1924	1184	2096	45416
1	40	2	SAB	5004	4536	7468	6800	3256	7972	35036
1	40	1	BOJ	40	16	4	20	16	16	112
1	40	1	EPN	11964	18140	21536	10908	1792	30476	94816
1	40	1	ERS	0	0	0	0	0	0	0
1	40	1	NonFor	2512	2256	28828	8764	0	124	42484
1	40	1	other	2468	3276	5360	2120	620	2992	16836
1	40	1	PET	12696	13664	720	428	128	640	28276
1	40	1	SAB	3304	3696	3916	3296	920	11332	26464
1	45	3	BOJ	76	188	380	264	236	2016	3160
1	45	3	EPN	140	76	180	172	84	256	908
1	45	3	ERS	1556	1192	2088	2516	1728	18968	28048
1	45	3	NonFor	152	56	4200	2884	0	0	7292
1	45	3	other	4612	4008	3956	3040	1748	6916	24280
1	45	3	PET	3596	3204	1936	588	620	2216	12160
1	45	3	SAB	420	684	916	1216	972	1684	5892
1	45	2	BOJ	960	1388	1240	1488	1248	3776	10100
1	45	2	EPN	4852	6156	7628	6560	2584	5708	33488
1	45	2	ERS	2392	1376	1464	1460	1372	6696	14760
1	45	2	NonFor	832	932	9504	6544	28	0	17840
1	45	2	other	10600	9596	11284	8420	4012	9668	53580
1	45	2	PET	19944	16744	6780	1956	1096	2164	48684
1	45	2	SAB	4916	4496	6804	6464	3120	7728	33528
1	45	1	BOJ	32	24	12	24	20	20	132
1	45	1	EPN	11300	17208	19908	13368	2304	26588	90676
1	45	1	ERS	0	0	0	0	0	0	0
1	45	1	NonFor	2556	2368	21932	15296	212	120	42484
1	45	1	other	2792	3288	4556	3092	716	2952	17396
1	45	1	PET	13508	13592	3140	500	144	576	31460
1	45	1	SAB	3512	3640	3840	3780	808	11260	26840
1	50	3	BOJ	44	176	352	284	284	1988	3128
1	50	3	EPN	104	112	132	180	68	236	832
1	50	3	ERS	1476	1316	1900	2624	1796	19324	28436
1	50	3	NonFor	116	100	2796	4280	0	0	7292
1	50	3	other	4588	4168	4104	3172	1572	6696	24300
1	50	3	PET	3324	3456	2404	520	492	2188	12384
1	50	3	SAB	272	696	824	1004	924	1648	5368
1	50	2	BOJ	684	1416	1220	1472	1484	3840	10116
1	50	2	EPN	5108	4784	7380	6280	2692	5060	31304
1	50	2	ERS	2316	1580	1760	1644	1364	7016	15680
1	50	2	NonFor	828	604	6604	9636	168	0	17840
1	50	2	other	11196	9180	10804	8760	4004	9504	53448
1	50	2	PET	21020	16016	10064	2000	984	2080	52164
1	50	2	SAB	4568	4328	5924	6160	3120	7328	31428
1	50	1	BOJ	24	32	12	28	20	24	140
1	50	1	EPN	11896	14872	18352	14508	3140	23920	86688
1	50	1	ERS	0	0	0	0	0	0	0
1	50	1	NonFor	2632	2316	15160	21356	908	108	42480
1	50	1	other	3288	2712	4292	3800	868	2900	17860
1	50	1	PET	14960	12292	6480	512	112	608	34964
1	50	1	SAB	4108	3204	3976	3812	824	10932	26856
1	55	3	BOJ	36	128	320	288	272	1996	3040
1	55	3	EPN	92	124	112	188	52	252	820
1	55	3	ERS	1480	1412	1800	2664	1932	19564	28852
1	55	3	NonFor	96	120	1396	5168	512	0	7292
1	55	3	other	4712	4404	4012	3172	1728	6444	24472
1	55	3	PET	3036	3484	2836	480	484	1984	12304
1	55	3	SAB	236	516	840	872	824	1672	4960
1	55	2	BOJ	548	1264	1304	1404	1516	3820	9856
1	55	2	EPN	4988	5052	6004	5992	2776	4704	29516
1	55	2	ERS	2556	1792	1960	1924	1484	7396	17112
1	55	2	NonFor	744	700	3760	11304	1332	0	17840
1	55	2	other	11456	9460	10048	8780	4212	9392	53348
1	55	2	PET	21284	16568	12064	2120	1040	1892	54968
1	55	2	SAB	4120	4444	4972	5644	3060	7100	29340
1	55	1	BOJ	20	36	20	24	20	32	152
1	55	1	EPN	11228	12520	17672	15204	4452	21876	82952
1	55	1	ERS	0	0	0	0	0	0	0
1	55	1	NonFor	2220	1832	8852	25800	3668	108	42480
1	55	1	other	3604	2580	3800	4184	1024	2752	17944
1	55	1	PET	15504	12508	8992	544	168	624	38340
1	55	1	SAB	4088	3064	4004	3976	1240	10748	27120
1	60	3	BOJ	32	100	244	348	256	1940	2920
1	60	3	EPN	96	136	64	172	72	244	784
1	60	3	ERS	1408	1472	1668	2628	2208	19584	28968
1	60	3	NonFor	64	156	80	5600	1392	0	7292
1	60	3	other	4852	4524	4108	3136	1776	6328	24724
1	60	3	PET	2952	3608	3196	424	472	1924	12576
1	60	3	SAB	200	456	640	688	780	1712	4476
1	60	2	BOJ	328	1120	1428	1316	1396	3752	9340
1	60	2	EPN	4624	4580	5440	5820	3104	4436	28004
1	60	2	ERS	2732	2000	2340	2100	1600	7648	18420
1	60	2	NonFor	936	752	740	12120	3292	0	17840
1	60	2	other	12060	9496	9600	8740	4504	9280	53680
1	60	2	PET	20892	17164	14584	2008	1128	1888	57664
1	60	2	SAB	3168	4460	4152	5116	3080	7056	27032
1	60	1	BOJ	16	40	16	32	20	24	148
1	60	1	EPN	10752	11024	16452	15052	5788	19780	78848
1	60	1	ERS	0	0	0	0	0	0	0
1	60	1	NonFor	1840	2492	2168	27496	8376	108	42480
1	60	1	other	4204	2356	3304	4452	1260	2684	18260
1	60	1	PET	16956	11460	12316	604	244	612	42192
1	60	1	SAB	3992	3012	3812	4144	1616	10484	27060
1	65	3	BOJ	36	76	184	332	232	1900	2760
1	65	3	EPN	112	136	76	120	80	224	748
1	65	3	ERS	1428	1500	1712	2376	2508	19704	29228
1	65	3	NonFor	72	152	56	4152	2860	0	7292
1	65	3	other	5132	4520	4272	3228	1888	6288	25328
1	65	3	PET	2936	3468	3048	608	452	1816	12328
1	65	3	SAB	64	396	624	652	696	1624	4056
1	65	2	BOJ	236	936	1352	1112	1416	3788	8840
1	65	2	EPN	4844	4336	5052	4844	3080	4408	26564
1	65	2	ERS	2744	2296	2776	2336	1712	8144	20008
1	65	2	NonFor	848	792	844	9100	6232	24	17840
1	65	2	other	12000	10204	10036	8044	4736	9352	54372
1	65	2	PET	20044	18052	14928	3444	1144	1928	59540
1	65	2	SAB	2172	4496	4060	4348	2828	6912	24816
1	65	1	BOJ	16	32	20	20	24	24	136
1	65	1	EPN	9852	10340	14892	14464	6892	18576	75016
1	65	1	ERS	12	0	0	0	0	0	12
1	65	1	NonFor	1780	2496	2244	21012	14640	308	42480
1	65	1	other	4676	2668	3296	3732	1676	2684	18732
1	65	1	PET	18056	12164	12192	2756	296	624	46088
1	65	1	SAB	3520	3208	3504	4124	1868	10300	26524
1	70	3	BOJ	48	44	176	288	256	1824	2636
1	70	3	EPN	124	100	112	88	84	220	728
1	70	3	ERS	1380	1448	1960	2180	2620	19988	29576
1	70	3	NonFor	72	116	100	2768	4236	0	7292
1	70	3	other	5312	4508	4588	3236	2004	6248	25896
1	70	3	PET	2424	3172	3372	852	360	1696	11876
1	70	3	SAB	48	260	648	564	600	1616	3736
1	70	2	BOJ	192	664	1352	948	1352	3776	8284
1	70	2	EPN	4284	4576	4132	4932	3048	4456	25428
1	70	2	ERS	2880	2224	3360	2656	1824	8592	21536
1	70	2	NonFor	844	760	580	6300	9192	164	17840
1	70	2	other	12404	10640	10640	7740	4804	9632	55860
1	70	2	PET	18828	19072	14696	4688	1140	1884	60308
1	70	2	SAB	1560	4148	3980	3568	2672	6796	22724
1	70	1	BOJ	16	24	28	12	28	28	136
1	70	1	EPN	10248	10624	12756	13076	7400	17116	71220
1	70	1	ERS	12	0	0	0	0	0	12
1	70	1	NonFor	1876	2536	2256	14420	20440	952	42480
1	70	1	other	5508	3076	3444	3604	2064	2732	20428
1	70	1	PET	19220	13248	11040	4928	348	628	49412
1	70	1	SAB	2928	3732	2936	3856	1884	9964	25300
1	75	3	BOJ	52	36	128	232	260	1740	2448
1	75	3	EPN	128	88	124	80	88	212	720
1	75	3	ERS	1432	1472	1992	2216	2608	20260	29980
1	75	3	NonFor	80	96	120	1380	5112	504	7292
1	75	3	other	5428	4624	4772	3276	1996	6280	26376
1	75	3	PET	2188	2964	3448	980	344	1564	11488
1	75	3	SAB	44	228	500	536	480	1648	3436
1	75	2	BOJ	136	532	1208	820	1292	3648	7636
1	75	2	EPN	4012	4464	4372	3936	2948	4644	24376
1	75	2	ERS	2656	2448	3604	3444	2188	8880	23220
1	75	2	NonFor	852	680	680	3580	10752	1296	17840
1	75	2	other	12464	10912	11000	7876	4984	10080	57316
1	75	2	PET	17224	19592	15420	5068	1148	1960	60412
1	75	2	SAB	1024	3772	4128	2912	2368	6976	21180
1	75	1	BOJ	4	20	32	24	16	40	136
1	75	1	EPN	11552	9804	10436	12496	7200	16504	67992
1	75	1	ERS	20	0	12	0	0	4	36
1	75	1	NonFor	2132	2140	1756	8408	24492	3552	42480
1	75	1	other	6452	3308	3496	3792	2276	2852	22176
1	75	1	PET	21072	13156	10696	5616	320	652	51512
1	75	1	SAB	2948	3580	2752	3580	1948	9848	24656
1	80	3	BOJ	68	32	100	136	304	1720	2360
1	80	3	EPN	136	96	132	56	76	224	720
1	80	3	ERS	1448	1400	2032	2188	2644	20756	30468
1	80	3	NonFor	60	64	156	80	5548	1384	7292
1	80	3	other	5544	4784	4880	3456	1988	6228	26880
1	80	3	PET	1680	2904	3612	1088	264	1376	10924
1	80	3	SAB	28	200	452	408	356	1652	3096
1	80	2	BOJ	124	320	1084	836	1164	3696	7224
1	80	2	EPN	3684	4080	4208	3728	2728	4836	23264
1	80	2	ERS	2432	2668	3756	4224	2364	9248	24692
1	80	2	NonFor	524	912	720	704	11780	3200	17840
1	80	2	other	12612	11576	10888	8516	4800	10456	58848
1	80	2	PET	15608	19252	16504	5916	1216	1888	60384
1	80	2	SAB	816	2932	4172	2608	2112	7088	19728
1	80	1	BOJ	4	16	36	16	24	40	136
1	80	1	EPN	12216	8960	9308	11352	6844	16348	65028
1	80	1	ERS	20	0	12	8	0	4	44
1	80	1	NonFor	2316	1720	2404	2040	25980	8016	42476
1	80	1	other	7164	3828	3408	4248	2560	2996	24204
1	80	1	PET	21832	14136	9920	6852	356	708	53804
1	80	1	SAB	2568	3480	2668	3064	1892	9624	23296
1	85	3	BOJ	68	36	76	108	280	1740	2308
1	85	3	EPN	108	112	132	68	52	232	704
1	85	3	ERS	1508	1420	1992	2188	2448	21236	30792
1	85	3	NonFor	36	72	152	56	4128	2848	7292
1	85	3	other	5596	5056	4880	3688	1964	6196	27380
1	85	3	PET	1392	2908	3432	1116	368	1252	10468
1	85	3	SAB	20	64	396	436	312	1568	2796
1	85	2	BOJ	136	228	908	828	952	3744	6796
1	85	2	EPN	3940	4208	3868	3232	2208	4776	22232
1	85	2	ERS	2500	2668	4144	4852	2500	9784	26448
1	85	2	NonFor	972	768	712	812	8624	5952	17840
1	85	2	other	14220	11488	11680	8640	4272	10788	61088
1	85	2	PET	15728	18176	16508	5756	1492	1888	59548
1	85	2	SAB	856	1984	4092	2448	1688	6960	18028
1	85	1	BOJ	0	16	32	20	20	48	136
1	85	1	EPN	12556	8288	8532	10328	6428	16372	62504
1	85	1	ERS	20	12	4	20	0	4	60
1	85	1	NonFor	2468	1672	2380	2120	19724	14112	42476
1	85	1	other	7840	4352	3708	4780	2192	3288	26160
1	85	1	PET	21196	15372	10564	6684	1024	752	55592
1	85	1	SAB	2388	3036	2768	2740	1832	9296	22060
1	90	3	BOJ	52	48	44	96	240	1748	2228
1	90	3	EPN	112	124	96	96	44	232	704
1	90	3	ERS	1672	1340	2000	2360	2192	21512	31076
1	90	3	NonFor	40	68	116	96	2752	4220	7292
1	90	3	other	6072	5180	4840	3860	2072	6024	28048
1	90	3	PET	1460	2368	3112	1268	504	1156	9868
1	90	3	SAB	48	48	252	428	268	1480	2524
1	90	2	BOJ	140	188	644	828	800	3816	6416
1	90	2	EPN	4512	3828	3904	2604	2212	4792	21852
1	90	2	ERS	2620	2792	3936	5520	2824	10180	27872
1	90	2	NonFor	1088	768	676	532	5980	8796	17840
1	90	2	other	15712	11928	12036	8940	4264	11144	64024
1	90	2	PET	13632	17164	17132	5552	1836	1856	57172
1	90	2	SAB	772	1472	3768	2480	1400	6912	16804
1	90	1	BOJ	0	16	24	28	12	48	128
1	90	1	EPN	11996	8748	8752	9268	5712	15948	60424
1	90	1	ERS	36	12	12	32	0	12	104
1	90	1	NonFor	2544	1776	2364	2100	13528	20164	42476
1	90	1	other	8336	5232	3964	5112	2104	3624	28372
1	90	1	PET	19592	16628	11620	6348	1780	768	56736
1	90	1	SAB	1972	2620	3232	2244	1748	8932	20748
