run	time	UA	tot.inc	even.age	sup.mat	s.inc.burnt	s.inc.mat.burnt	s.inc.kill	s.inc.mat.kill	cc.area.unaff	cc.area.salvaged	harv.cc.EPN	harv.cc.BOJ	harv.cc.PET	harv.cc.SAB	harv.cc.ERS	harv.cc.other	reg.fail.ex	reg.fail.inc
1	5	11161	4968	4464	1216	0	0	0	0	296	0	32	0	28	180	0	56	0	0
1	5	11262	3304	3076	1020	108	72	0	0	172	44	40	0	64	84	0	28	8	16
1	5	11263	3152	2948	968	32	20	0	0	200	12	8	0	12	184	0	8	0	12
1	5	1171	3068	2212	780	0	0	0	0	96	0	4	0	28	20	4	40	0	0
1	5	121	4672	3608	1136	16	4	0	0	200	8	8	0	32	36	4	128	0	4
1	5	122	4868	3768	1592	4	0	0	0	204	4	12	0	32	48	4	108	0	0
1	5	1272	6204	5592	2188	348	176	0	0	272	68	8	0	8	260	0	64	0	128
1	5	141	2028	1232	660	0	0	0	0	64	0	0	0	16	4	0	44	0	0
1	5	151	4632	2200	1124	136	56	0	0	84	20	0	0	48	8	4	44	0	12
1	5	161	3376	2000	1040	0	0	0	0	104	0	4	0	4	12	8	76	0	0
1	5	171	3544	2972	1176	20	4	0	0	172	4	0	0	0	48	0	124	0	0
1	5	21	1560	1456	400	0	0	0	0	88	0	8	0	48	4	0	28	0	0
1	5	22	1752	1684	244	12	0	0	0	0	0	0	0	0	0	0	0	0	0
1	5	2371	11772	11020	5292	892	412	0	0	520	132	204	0	56	332	0	60	24	324
1	5	2471	14796	14032	7528	752	476	0	0	676	168	596	0	0	200	0	48	44	124
1	5	2571	24056	22816	9676	440	212	0	0	1164	220	1072	0	48	104	0	160	68	188
1	5	2651	1628	1556	876	0	0	0	0	88	0	68	0	0	4	0	16	0	0
1	5	2661	3880	3708	1316	32	8	0	0	124	8	124	0	0	4	0	4	0	12
1	5	2662	2120	2024	900	0	0	0	0	104	0	100	0	0	0	0	4	0	0
1	5	2663	1420	1340	648	0	0	0	0	92	0	68	0	0	0	0	24	0	0
1	5	2664	3740	3536	1436	0	0	0	0	156	0	144	0	0	4	0	8	0	0
1	5	2665	2960	2796	1392	368	228	0	0	104	28	128	0	0	0	0	4	0	56
1	5	2666	1896	1804	788	0	0	0	0	72	0	68	0	0	0	0	4	0	0
1	5	2751	9700	9264	4220	100	52	0	0	488	56	384	0	36	84	0	40	40	44
1	5	3153	1144	1080	180	0	0	0	0	48	0	12	0	0	24	0	12	0	0
1	5	3171	2248	1540	516	0	0	0	0	100	0	8	8	12	48	0	24	0	0
1	5	3351	3008	2712	880	0	0	0	0	172	0	56	0	52	36	0	28	0	0
1	5	3451	136	96	48	0	0	0	0	4	0	0	0	0	0	0	4	0	0
1	5	3551	1116	848	292	0	0	0	0	36	0	12	0	4	8	0	12	0	0
1	5	41	2252	1412	472	0	0	0	0	52	0	0	0	24	4	4	20	0	0
1	5	4151	4448	3108	1524	184	88	0	0	184	44	4	0	36	72	8	108	12	16
1	5	4251	8416	7388	2704	64	20	0	0	404	20	140	0	64	72	0	148	0	16
1	5	4351	9180	8720	3404	116	40	0	0	436	76	272	0	36	36	0	168	0	12
1	5	4352	5920	5164	3108	0	0	0	0	324	0	44	0	76	36	0	168	0	0
1	5	51	7244	4824	1492	8	0	0	0	168	0	0	0	12	52	0	104	0	4
1	5	5151	368	216	108	0	0	0	0	12	0	0	0	0	8	0	4	0	0
1	5	6151	548	188	164	4	0	0	0	12	0	0	0	0	4	0	8	0	0
1	5	6271	4304	2996	1256	52	16	0	0	208	20	4	4	72	44	0	104	4	16
1	5	6452	1300	344	240	20	8	0	0	20	4	0	0	8	8	0	8	0	0
1	5	6471	9564	5836	3016	52	28	0	0	316	28	92	4	48	48	4	148	0	0
1	5	71	5116	2928	1820	0	0	0	0	164	0	0	0	44	40	4	76	0	0
1	5	7151	2324	1072	676	0	0	0	0	56	0	0	0	8	0	0	48	0	0
1	5	7152	4744	2912	1700	96	48	0	0	136	32	16	16	32	12	4	88	0	12
1	5	7251	1164	316	240	0	0	0	0	20	0	0	0	12	0	0	8	0	0
1	5	7351	3604	1704	1104	8	0	0	0	96	0	0	0	40	4	0	52	0	0
1	5	7352	3188	2344	1616	0	0	0	0	164	0	36	4	4	12	0	108	0	0
1	5	7451	7512	6108	3400	0	0	0	0	364	0	32	4	68	36	0	224	0	0
1	5	81	1060	1016	388	48	8	0	0	52	12	4	0	28	4	0	28	0	8
1	5	8151	3016	1456	1192	0	0	0	0	96	0	0	4	8	0	0	84	0	0
1	5	8152	5624	4248	2920	4	4	0	0	268	4	8	4	36	8	0	212	0	0
1	5	82	4592	4332	1004	0	0	0	0	92	0	56	0	20	4	0	12	0	0
1	5	8251	4600	4340	1632	48	24	0	0	244	36	68	4	92	20	0	96	0	8
1	5	8351	8772	8012	3424	0	0	0	0	504	0	156	0	52	16	0	280	0	0
1	5	8451	6152	5856	2112	4	4	0	0	328	4	232	0	40	16	0	40	0	0
1	5	8462	2108	1996	692	0	0	0	0	100	0	76	0	4	4	0	16	0	0
1	5	8551	6340	6048	2356	76	44	0	0	232	56	252	0	16	0	0	20	0	8
1	5	8562	404	380	264	0	0	0	0	28	0	28	0	0	0	0	0	0	0
1	5	8651	3332	3120	804	52	12	0	0	100	8	76	0	20	4	0	8	0	16
1	5	8652	2692	2580	1044	104	32	0	0	76	20	64	0	24	0	0	8	0	36
1	5	8663	1840	1736	1232	0	0	0	0	100	0	100	0	0	0	0	0	0	0
1	5	8664	1764	1712	1140	0	0	0	0	96	0	88	0	8	0	0	0	0	0
1	5	8665	2340	2216	1256	0	0	0	0	128	0	108	0	0	4	0	16	0	0
1	5	8666	3300	3156	1468	684	344	0	0	124	32	152	0	0	0	0	4	4	224
1	5	8751	3780	3572	1296	144	68	0	0	144	36	140	0	12	8	0	20	0	36
1	5	8762	3296	3132	1200	76	40	0	0	88	24	100	0	0	0	0	12	0	12
1	5	8763	3064	2904	1036	0	0	0	0	104	0	72	0	16	0	0	16	0	0
1	5	8764	3816	3584	1632	64	36	0	0	120	28	140	0	0	0	0	8	0	24
1	5	91	2412	2232	1264	0	0	0	0	148	0	44	0	0	88	0	16	0	0
1	5	9351	15292	14468	7176	96	48	0	0	832	52	664	0	20	148	0	52	4	12
1	5	9352	7428	7088	4264	1240	540	0	0	296	76	356	0	0	16	0	0	8	448
1	5	9471	14744	14032	10220	32	32	0	0	896	28	792	0	4	104	0	24	0	0
1	5	9551	1568	1504	1256	108	96	0	0	80	20	68	0	0	28	0	4	4	12
1	5	9751	10512	9944	3212	56	16	0	0	500	16	368	0	28	72	0	48	4	28
1	10	11	7644	6036	2028	0	0	0	0	356	0	12	0	112	120	0	112	0	0
1	10	111	3212	2628	808	0	0	0	0	172	0	0	0	88	40	0	44	0	0
1	10	11161	4968	4364	1052	36	0	0	0	300	0	28	0	48	172	0	52	4	32
1	10	11262	3304	3032	884	0	0	0	0	212	0	56	0	36	64	0	56	0	0
1	10	11263	3152	2928	884	0	0	0	0	216	0	36	0	8	152	0	20	8	0
1	10	1171	3068	2224	740	68	24	0	0	80	16	0	0	4	40	4	48	0	12
1	10	121	4672	3560	1148	0	0	0	0	200	0	4	0	48	64	4	80	0	0
1	10	122	4868	3776	1524	12	0	0	0	204	4	36	4	52	48	0	64	0	4
1	10	1272	6204	5560	1968	136	120	0	0	260	64	8	0	20	224	0	72	0	4
1	10	141	2028	1224	624	0	0	0	0	64	0	0	0	16	8	0	40	0	0
1	10	151	4632	2184	1080	0	0	0	0	96	0	0	0	36	32	0	28	0	0
1	10	161	3376	1960	1004	4	0	0	0	100	4	0	0	4	4	0	92	0	0
1	10	171	3544	2912	1124	0	0	0	0	168	0	4	0	0	20	0	144	0	0
1	10	21	1560	1392	340	0	0	0	0	84	0	12	0	32	24	0	16	0	0
1	10	22	1752	1660	312	116	32	0	0	0	0	0	0	0	0	0	0	0	28
1	10	2371	11772	10984	4868	64	40	0	0	576	40	260	0	36	264	0	56	4	20
1	10	2471	14796	14152	6692	800	440	0	0	664	168	656	0	0	132	0	44	88	308
1	10	2571	24056	22892	8600	628	260	0	0	1112	280	1012	4	104	84	0	188	44	280
1	10	2651	1628	1504	872	0	0	0	0	84	0	56	0	0	4	0	24	0	0
1	10	2661	3880	3708	1280	176	108	0	0	112	28	132	0	0	4	0	4	0	64
1	10	2662	2120	1992	796	0	0	0	0	104	0	96	0	0	8	0	0	0	0
1	10	2663	1420	1348	652	56	28	0	0	72	20	68	0	4	0	0	20	0	16
1	10	2664	3740	3508	1336	0	0	0	0	156	0	132	0	4	4	0	16	0	0
1	10	2665	2960	2832	1244	176	116	0	0	88	20	96	0	0	0	0	12	0	36
1	10	2666	1896	1796	784	120	100	0	0	56	16	68	0	0	0	0	4	0	4
1	10	2751	9700	9224	3840	476	256	0	0	432	108	380	0	8	108	0	44	56	152
1	10	3153	1144	1084	204	0	0	0	0	56	0	12	0	0	28	0	16	0	0
1	10	3171	2248	1572	520	0	0	0	0	108	0	32	4	8	40	0	24	0	0
1	10	3351	3008	2752	852	0	0	0	0	184	0	60	0	48	36	0	40	0	0
1	10	3451	136	88	44	0	0	0	0	4	0	0	0	0	0	0	4	0	0
1	10	3551	1116	840	264	0	0	0	0	40	0	16	0	0	4	0	20	0	0
1	10	41	2252	1348	464	0	0	0	0	48	0	0	0	12	12	0	24	0	0
1	10	4151	4448	3000	1380	0	0	0	0	212	0	8	0	40	52	4	108	0	0
1	10	4251	8416	7240	2484	0	0	0	0	416	0	64	0	72	92	0	188	0	0
1	10	4351	9180	8716	3336	60	28	0	0	480	36	284	0	36	48	0	148	0	12
1	10	4352	5920	5052	2876	136	84	0	0	256	64	96	4	64	16	0	140	12	28
1	10	51	7244	4696	1588	24	8	0	0	256	4	8	0	52	52	0	144	0	8
1	10	5151	368	220	104	0	0	0	0	12	0	0	0	4	4	0	4	0	0
1	10	6151	548	180	128	0	0	0	0	8	0	0	0	4	0	4	0	0	0
1	10	6271	4304	2992	1160	0	0	0	0	228	0	4	0	56	52	8	108	0	0
1	10	6452	1300	384	248	0	0	0	0	28	0	0	0	12	4	12	0	0	0
1	10	6471	9564	5972	3144	436	244	0	0	280	72	104	8	20	48	8	164	0	88
1	10	71	5116	2940	1748	60	16	0	0	152	12	0	0	84	20	0	60	0	8
1	10	7151	2324	1032	636	0	0	0	0	52	0	0	0	8	4	4	36	0	0
1	10	7152	4744	2928	1656	0	0	0	0	164	0	8	4	24	16	0	112	0	0
1	10	7251	1164	332	244	0	0	0	0	20	0	0	0	8	0	4	8	0	0
1	10	7351	3604	1728	1092	0	0	0	0	96	0	4	0	36	12	0	44	0	0
1	10	7352	3188	2388	1480	0	0	0	0	168	0	28	0	12	20	0	108	0	0
1	10	7451	7512	6044	3260	0	0	0	0	356	0	28	8	52	20	0	248	0	0
1	10	81	1060	984	360	0	0	0	0	56	0	0	0	36	0	0	20	0	0
1	10	8151	3016	1420	1116	0	0	0	0	92	0	4	0	8	4	4	72	0	0
1	10	8152	5624	4216	2744	184	124	0	0	216	56	0	20	32	24	0	196	0	16
1	10	82	4592	4380	1132	1316	432	0	0	176	44	104	0	88	12	0	16	4	244
1	10	8251	4600	4288	1560	752	288	0	0	224	56	104	0	76	36	0	64	28	256
1	10	8351	8772	7936	3296	552	232	0	0	396	100	220	8	40	20	0	208	4	168
1	10	8451	6152	5856	1972	96	16	0	0	316	16	192	0	28	24	0	88	0	44
1	10	8462	2108	2004	616	0	0	0	0	100	0	80	0	4	4	0	12	0	0
1	10	8551	6340	6004	2244	604	212	0	0	232	56	244	0	12	8	0	24	8	232
1	10	8562	404	396	260	0	0	0	0	28	0	20	0	4	0	0	4	0	0
1	10	8651	3332	3140	812	500	256	0	0	88	24	80	0	12	4	0	16	0	104
1	10	8652	2692	2580	940	0	0	0	0	92	0	56	0	24	0	0	12	0	0
1	10	8663	1840	1744	1184	0	0	0	0	100	0	96	0	0	0	0	4	0	0
1	10	8664	1764	1672	1136	0	0	0	0	96	0	88	0	0	0	0	8	0	0
1	10	8665	2340	2236	1244	0	0	0	0	128	0	116	0	0	0	0	12	0	0
1	10	8666	3300	3128	1120	0	0	0	0	108	0	80	0	0	4	0	24	0	0
1	10	8751	3780	3608	1176	720	308	0	0	136	32	88	0	12	12	0	56	0	252
1	10	8762	3296	3100	1196	0	0	0	0	108	0	92	0	0	0	0	16	0	0
1	10	8763	3064	2876	1012	752	176	0	0	80	20	76	0	16	0	0	8	4	332
1	10	8764	3816	3624	1632	360	208	0	0	120	28	124	0	4	4	0	16	0	76
1	10	91	2412	2284	1236	8	8	0	0	144	8	64	0	0	72	0	16	0	0
1	10	9351	15292	14528	6588	1220	640	0	0	712	180	704	0	12	140	0	36	16	444
1	10	9352	7428	7076	3520	340	232	0	0	240	60	272	0	8	8	0	12	4	76
1	10	9471	14744	13912	9620	172	132	0	0	760	152	708	0	4	180	0	20	4	20
1	10	9551	1568	1488	1084	0	0	0	0	96	0	44	0	0	48	0	4	0	0
1	10	9751	10512	9920	2992	752	340	0	0	424	104	352	0	36	88	0	52	20	312
1	15	11	7644	5944	1816	64	16	0	0	328	20	12	0	108	96	0	132	0	8
1	15	111	3212	2580	728	0	0	0	0	172	0	0	0	40	64	0	68	0	0
1	15	11161	4968	4392	900	0	0	0	0	304	0	40	0	44	164	0	56	0	0
1	15	11262	3304	2980	792	0	0	0	0	212	0	44	0	48	68	0	52	0	0
1	15	11263	3152	2908	784	0	0	0	0	216	0	32	0	20	132	0	32	0	0
1	15	1171	3068	2212	700	8	4	0	0	92	4	0	0	16	28	0	48	0	4
1	15	121	4672	3440	1080	12	0	0	0	156	4	8	0	12	44	4	88	0	4
1	15	122	4868	3712	1388	4	4	0	0	200	4	32	0	16	68	4	80	0	0
1	15	1272	6204	5508	1732	0	0	0	0	316	0	12	0	24	180	0	100	0	0
1	15	141	2028	1184	596	4	0	0	0	60	0	0	0	16	4	0	40	0	0
1	15	151	4632	2232	1148	104	40	0	0	84	20	0	0	40	8	8	48	0	0
1	15	161	3376	1976	980	4	0	0	0	104	0	0	0	12	4	4	84	0	0
1	15	171	3544	2928	1144	0	0	0	0	172	0	0	0	4	24	0	144	0	0
1	15	21	1560	1368	312	0	0	0	0	72	0	4	0	40	8	0	20	0	0
1	15	22	1752	1592	360	32	0	0	0	24	8	0	0	28	0	0	4	0	4
1	15	2371	11772	10972	4540	92	52	0	0	556	60	240	0	20	328	0	28	8	28
1	15	2471	14796	13940	5700	68	24	0	0	756	24	608	0	0	132	0	40	24	32
1	15	2571	24056	22740	7616	316	92	0	0	1248	116	1012	0	76	128	0	148	32	172
1	15	2651	1628	1552	832	20	12	0	0	76	12	76	0	0	4	0	8	0	4
1	15	2661	3880	3692	1116	152	60	0	0	104	24	112	0	0	12	0	4	0	68
1	15	2662	2120	2024	732	88	4	0	0	96	8	96	0	0	0	0	8	4	80
1	15	2663	1420	1332	596	0	0	0	0	92	0	84	0	0	0	0	8	0	0
1	15	2664	3740	3532	1220	44	32	0	0	128	28	136	0	0	4	0	16	0	12
1	15	2665	2960	2848	1056	216	160	0	0	76	20	80	0	0	0	0	16	8	48
1	15	2666	1896	1832	660	0	0	0	0	64	0	60	0	4	0	0	0	0	0
1	15	2751	9700	9132	3220	944	308	0	0	400	100	388	0	4	88	0	20	92	552
1	15	3153	1144	1108	184	0	0	0	0	68	0	4	0	0	44	0	20	0	0
1	15	3171	2248	1576	492	0	0	0	0	108	0	36	4	4	36	0	28	0	0
1	15	3351	3008	2716	732	0	0	0	0	188	0	68	0	32	56	0	32	0	0
1	15	3451	136	92	36	0	0	0	0	4	0	0	0	0	4	0	0	0	0
1	15	3551	1116	824	228	12	4	0	0	32	4	12	0	4	16	0	0	0	8
1	15	41	2252	1344	448	0	0	0	0	32	0	0	0	8	4	0	20	0	0
1	15	4151	4448	3032	1292	12	4	0	0	216	0	12	4	48	72	12	68	0	4
1	15	4251	8416	7240	2348	144	28	0	0	400	28	124	4	68	60	0	172	0	100
1	15	4351	9180	8664	3112	180	72	0	0	420	92	260	0	28	44	0	180	0	20
1	15	4352	5920	4984	2616	0	0	0	0	308	0	24	12	96	12	0	164	0	0
1	15	51	7244	4632	1580	12	8	0	0	244	8	4	0	28	92	0	128	0	4
1	15	5151	368	216	88	0	0	0	0	12	0	0	0	0	8	0	4	0	0
1	15	6151	548	188	132	0	0	0	0	12	0	0	0	0	8	0	4	0	0
1	15	6271	4304	2868	916	100	32	0	0	196	24	12	4	44	80	4	76	0	4
1	15	6452	1300	368	204	12	0	0	0	24	4	0	0	8	4	4	8	0	0
1	15	6471	9564	5720	2788	92	52	0	0	260	40	32	4	48	44	4	168	4	16
1	15	71	5116	2876	1604	0	0	0	0	156	0	0	0	56	24	0	76	0	0
1	15	7151	2324	1048	644	0	0	0	0	52	0	0	0	12	8	0	32	0	0
1	15	7152	4744	2796	1540	0	0	0	0	156	0	8	4	40	12	0	92	0	0
1	15	7251	1164	344	236	0	0	0	0	20	0	0	0	8	8	0	4	0	0
1	15	7351	3604	1696	980	0	0	0	0	92	0	0	0	20	8	12	52	0	0
1	15	7352	3188	2340	1332	0	0	0	0	164	0	24	4	16	0	0	120	0	0
1	15	7451	7512	5960	3060	216	132	0	0	280	72	40	0	72	32	0	208	0	16
1	15	81	1060	956	320	0	0	0	0	56	0	0	0	40	0	0	16	0	0
1	15	8151	3016	1452	1056	0	0	0	0	92	0	0	0	4	8	0	80	0	0
1	15	8152	5624	4188	2460	100	64	0	0	208	52	12	4	80	16	0	148	0	4
1	15	82	4592	4332	676	44	8	0	0	0	0	0	0	0	0	0	0	0	4
1	15	8251	4600	4208	1220	788	244	0	0	168	44	32	0	52	28	4	96	72	148
1	15	8351	8772	7892	3004	36	12	0	0	452	12	116	4	48	32	4	260	0	8
1	15	8451	6152	5800	1772	92	28	0	0	292	36	204	0	28	44	0	52	0	28
1	15	8462	2108	2004	596	0	0	0	0	104	0	80	0	0	12	0	12	0	0
1	15	8551	6340	6036	1876	568	216	0	0	188	48	176	0	28	0	0	32	12	260
1	15	8562	404	380	212	148	112	0	0	24	4	24	0	4	0	0	0	24	12
1	15	8651	3332	3172	544	92	16	0	0	0	0	0	0	0	0	0	0	0	44
1	15	8652	2692	2572	876	1016	468	0	0	76	20	72	0	0	0	0	24	0	368
1	15	8663	1840	1764	1116	0	0	0	0	104	0	100	0	0	0	0	4	0	0
1	15	8664	1764	1684	1056	0	0	0	0	96	0	92	0	4	0	0	0	0	0
1	15	8665	2340	2220	1116	40	0	0	0	128	0	112	0	8	4	0	4	0	32
1	15	8666	3300	3124	1032	0	0	0	0	108	0	92	0	0	0	0	16	0	0
1	15	8751	3780	3620	796	24	16	0	0	88	16	92	0	0	4	0	8	4	8
1	15	8762	3296	3084	1100	52	28	0	0	88	24	104	0	4	0	0	4	0	12
1	15	8763	3064	2932	804	4	4	0	0	60	4	44	0	4	4	0	8	0	0
1	15	8764	3816	3584	1320	72	8	0	0	112	8	88	0	4	4	0	24	0	40
1	15	91	2412	2272	1172	0	0	0	0	148	0	56	0	4	56	0	32	0	0
1	15	9351	15292	14544	5588	0	0	0	0	824	0	552	0	12	164	0	96	0	0
1	15	9352	7428	7024	3192	36	32	0	0	240	32	248	0	0	12	0	12	0	0
1	15	9471	14744	13920	9084	296	232	0	0	728	184	748	0	8	128	0	28	0	40
1	15	9551	1568	1476	988	0	0	0	0	96	0	52	0	0	44	0	0	0	0
1	15	9751	10512	9892	2512	12	4	0	0	480	4	276	0	44	92	0	68	0	8
1	20	11	7644	5872	1800	240	80	0	0	276	68	8	0	108	96	0	132	0	48
1	20	111	3212	2528	704	16	8	0	0	164	8	0	4	44	76	4	44	4	8
1	20	11161	4968	4372	812	20	0	0	0	312	8	48	4	32	180	0	56	0	8
1	20	11262	3304	2964	700	48	8	0	0	200	12	40	0	40	84	0	48	4	12
1	20	11263	3152	2832	768	0	0	0	0	212	0	8	0	16	140	0	48	0	0
1	20	1171	3068	2156	588	36	4	0	0	84	0	0	0	36	8	0	40	0	12
1	20	121	4672	3420	1160	48	8	0	0	172	20	0	0	20	72	12	88	0	12
1	20	122	4868	3708	1296	0	0	0	0	208	0	8	0	44	24	8	124	0	0
1	20	1272	6204	5444	1600	36	4	0	0	296	20	4	0	16	224	0	72	0	12
1	20	141	2028	1188	584	0	0	0	0	60	0	0	0	8	12	4	36	0	0
1	20	151	4632	2212	1188	8	4	0	0	100	0	0	0	24	12	0	64	0	0
1	20	161	3376	1968	960	0	0	0	0	104	0	0	0	8	0	0	96	0	0
1	20	171	3544	2900	1096	0	0	0	0	168	0	4	0	8	32	4	120	0	0
1	20	21	1560	1312	344	0	0	0	0	84	0	0	0	44	12	0	28	0	0
1	20	22	1752	1640	472	0	0	0	0	96	0	20	0	40	20	0	16	0	0
1	20	2371	11772	11004	4308	84	4	0	0	612	4	184	0	52	288	0	88	0	32
1	20	2471	14796	13948	5208	1204	320	0	0	620	156	540	0	0	220	0	16	56	412
1	20	2571	24056	22808	6880	772	256	0	0	1100	276	1044	0	64	144	0	124	24	340
1	20	2651	1628	1548	804	0	0	0	0	88	0	64	0	0	8	0	16	0	0
1	20	2661	3880	3684	992	148	68	0	0	100	24	104	0	0	4	0	16	8	60
1	20	2662	2120	2028	652	0	0	0	0	108	0	104	0	0	4	0	0	0	0
1	20	2663	1420	1352	524	0	0	0	0	92	0	84	0	0	0	0	8	0	0
1	20	2664	3740	3552	1128	0	0	0	0	160	0	140	0	0	8	0	12	0	0
1	20	2665	2960	2828	828	0	0	0	0	64	0	52	0	0	0	0	12	0	0
1	20	2666	1896	1804	604	188	56	0	0	48	12	52	0	4	0	0	4	0	96
1	20	2751	9700	9132	2720	812	456	0	0	352	88	324	0	4	96	0	16	52	180
1	20	3153	1144	1080	156	0	0	0	0	68	0	8	0	0	48	0	12	0	0
1	20	3171	2248	1592	464	0	0	0	0	112	0	28	0	12	40	4	28	0	0
1	20	3351	3008	2660	676	8	4	0	0	180	4	68	4	32	44	0	32	4	0
1	20	3451	136	88	36	0	0	0	0	4	0	0	0	0	0	0	4	0	0
1	20	3551	1116	824	188	0	0	0	0	32	0	12	0	4	4	0	12	0	0
1	20	41	2252	1320	516	0	0	0	0	68	0	0	0	0	12	4	52	0	0
1	20	4151	4448	2940	1176	52	12	0	0	200	12	4	0	56	64	4	84	0	12
1	20	4251	8416	7108	2176	8	4	0	0	416	4	112	0	44	76	4	180	0	4
1	20	4351	9180	8688	3104	944	340	0	0	408	100	220	0	32	80	0	176	28	232
1	20	4352	5920	4880	2472	332	180	0	0	248	60	20	0	88	32	0	168	0	20
1	20	51	7244	4576	1620	44	12	0	0	228	24	4	0	16	100	4	128	0	4
1	20	5151	368	228	100	0	0	0	0	16	0	0	0	0	0	0	16	0	0
1	20	6151	548	180	128	0	0	0	0	12	0	0	0	4	0	0	8	0	0
1	20	6271	4304	2860	812	0	0	0	0	216	0	12	0	56	52	0	96	0	0
1	20	6452	1300	364	192	0	0	0	0	24	0	0	0	12	0	4	8	0	0
1	20	6471	9564	5808	2808	824	324	0	0	248	60	76	4	16	56	0	156	32	228
1	20	71	5116	2868	1524	8	4	0	0	152	4	0	0	48	28	0	76	0	0
1	20	7151	2324	1116	652	0	0	0	0	60	0	0	0	28	0	8	24	0	0
1	20	7152	4744	2736	1528	96	68	0	0	120	32	0	0	44	32	4	72	0	4
1	20	7251	1164	292	196	4	0	0	0	16	0	0	0	4	4	4	4	0	0
1	20	7351	3604	1692	968	0	0	0	0	92	0	0	0	44	8	0	40	0	0
1	20	7352	3188	2284	1160	76	52	0	0	124	32	32	0	8	4	0	112	0	12
1	20	7451	7512	5912	2896	0	0	0	0	344	0	48	4	36	20	0	236	0	0
1	20	81	1060	924	324	0	0	0	0	56	0	0	0	16	12	0	28	0	0
1	20	8151	3016	1416	928	0	0	0	0	92	0	4	0	4	32	8	44	0	0
1	20	8152	5624	4084	2188	92	56	0	0	204	48	4	0	44	20	0	184	0	4
1	20	82	4592	4364	860	4	0	0	0	0	0	0	0	0	0	0	0	0	0
1	20	8251	4600	4216	956	36	8	0	0	144	4	16	0	36	16	0	76	0	8
1	20	8351	8772	7800	2880	140	72	0	0	368	92	188	0	44	32	0	196	0	20
1	20	8451	6152	5808	1712	368	120	0	0	264	68	228	0	4	40	0	60	0	136
1	20	8462	2108	1992	528	348	100	0	0	84	20	84	0	8	0	0	12	28	156
1	20	8551	6340	5988	1532	396	152	0	0	144	36	136	0	20	4	0	20	8	164
1	20	8562	404	380	96	0	0	0	0	0	0	0	0	0	0	0	0	0	0
1	20	8651	3332	3152	588	0	0	0	0	0	0	0	0	0	0	0	0	0	0
1	20	8652	2692	2560	348	16	12	0	0	0	0	0	0	0	0	0	0	0	4
1	20	8663	1840	1756	1020	0	0	0	0	100	0	100	0	0	0	0	0	0	0
1	20	8664	1764	1664	980	0	0	0	0	92	0	84	0	0	8	0	0	0	0
1	20	8665	2340	2212	1040	8	0	0	0	124	0	112	0	4	8	0	0	0	8
1	20	8666	3300	3160	1028	20	12	0	0	100	12	96	0	0	4	0	12	0	4
1	20	8751	3780	3556	748	580	140	0	0	80	20	68	0	8	12	0	12	0	208
1	20	8762	3296	3148	1100	468	168	0	0	88	24	80	0	4	4	0	24	0	192
1	20	8763	3064	2908	760	708	328	0	0	52	12	36	0	8	8	0	12	4	196
1	20	8764	3816	3628	1216	1056	476	0	0	92	24	100	0	4	4	0	8	0	328
1	20	91	2412	2272	1144	0	0	0	0	152	0	68	0	8	64	0	12	0	0
1	20	9351	15292	14476	5024	4	4	0	0	824	4	568	0	20	176	0	60	0	0
1	20	9352	7428	7060	3084	72	20	0	0	256	16	248	0	0	12	0	12	0	52
1	20	9471	14744	13968	8644	320	228	0	0	728	180	724	0	8	156	0	20	0	76
1	20	9551	1568	1492	908	0	0	0	0	96	0	56	0	0	40	0	0	0	0
1	20	9751	10512	9820	2328	0	0	0	0	500	0	276	0	48	112	0	64	0	0
1	25	11	7644	5752	1756	192	52	0	0	264	64	12	0	100	124	0	92	0	28
1	25	111	3212	2500	672	236	88	0	0	136	36	4	0	40	72	4	52	0	36
1	25	11161	4968	4316	656	128	32	0	0	280	36	52	4	16	176	4	64	4	40
1	25	11262	3304	2904	644	4	0	0	0	208	0	52	0	20	88	0	48	0	4
1	25	11263	3152	2792	704	4	0	0	0	212	0	36	0	12	136	0	28	0	4
1	25	1171	3068	2172	572	156	40	0	0	68	20	0	0	16	36	0	36	0	28
1	25	121	4672	3448	1196	4	0	0	0	196	0	16	0	12	84	0	84	0	0
1	25	122	4868	3684	1212	0	0	0	0	208	0	16	0	40	36	4	112	0	0
1	25	1272	6204	5464	1548	292	56	0	0	260	64	12	0	28	208	0	76	0	120
1	25	141	2028	1172	576	0	0	0	0	60	0	0	0	4	0	0	56	0	0
1	25	151	4632	2152	1164	0	0	0	0	96	0	0	0	20	32	0	44	0	0
1	25	161	3376	1936	944	0	0	0	0	104	0	0	0	8	4	0	92	0	0
1	25	171	3544	2828	1096	0	0	0	0	164	0	0	0	4	28	0	132	0	0
1	25	21	1560	1304	356	0	0	0	0	84	0	16	0	20	24	0	24	0	0
1	25	22	1752	1632	500	0	0	0	0	96	0	20	0	20	20	0	36	0	0
1	25	2371	11772	10892	3964	0	0	0	0	616	0	260	0	24	288	0	44	0	0
1	25	2471	14796	14076	4648	348	160	0	0	576	144	504	0	4	168	0	44	16	152
1	25	2571	24056	22768	6288	288	108	0	0	1208	120	984	0	32	168	0	144	44	160
1	25	2651	1628	1532	712	444	204	0	0	72	16	64	0	4	4	0	16	0	176
1	25	2661	3880	3676	900	364	148	0	0	96	24	92	0	0	16	0	12	32	212
1	25	2662	2120	2000	540	16	0	0	0	108	0	96	0	0	8	0	4	0	16
1	25	2663	1420	1336	476	36	24	0	0	72	20	80	0	0	4	0	8	4	0
1	25	2664	3740	3540	1048	68	8	0	0	152	12	140	0	0	16	0	8	0	48
1	25	2665	2960	2836	812	292	84	0	0	56	12	52	0	0	0	0	16	0	152
1	25	2666	1896	1792	508	412	132	0	0	40	8	40	0	0	0	0	8	0	240
1	25	2751	9700	9212	2136	572	188	0	0	144	36	140	0	0	36	0	4	32	220
1	25	3153	1144	1104	136	0	0	0	0	76	0	8	0	0	44	0	24	0	0
1	25	3171	2248	1576	428	64	28	0	0	92	24	32	4	0	44	0	36	8	12
1	25	3351	3008	2720	600	0	0	0	0	192	0	40	0	32	84	0	36	0	0
1	25	3451	136	92	36	0	0	0	0	4	0	0	0	0	0	0	4	0	0
1	25	3551	1116	832	200	0	0	0	0	44	0	24	4	4	8	0	4	0	0
1	25	41	2252	1316	496	0	0	0	0	72	0	0	0	8	12	0	52	0	0
1	25	4151	4448	2968	1048	40	0	0	0	216	0	20	0	44	48	8	96	0	8
1	25	4251	8416	7028	2080	132	28	0	0	408	28	100	4	28	100	0	204	4	56
1	25	4351	9180	8560	2692	0	0	0	0	448	0	180	0	36	72	0	160	0	0
1	25	4352	5920	4832	2192	16	8	0	0	284	8	28	4	68	36	0	156	0	0
1	25	51	7244	4548	1780	20	4	0	0	244	8	0	0	20	96	8	128	0	0
1	25	5151	368	208	76	0	0	0	0	12	0	0	0	4	0	0	8	0	0
1	25	6151	548	180	112	8	4	0	0	8	4	0	0	4	0	0	8	0	0
1	25	6271	4304	2812	664	0	0	0	0	212	0	4	0	28	72	0	108	0	0
1	25	6452	1300	340	196	0	0	0	0	24	0	0	0	4	0	4	16	0	0
1	25	6471	9564	5836	2568	0	0	0	0	276	0	24	16	32	60	8	136	0	0
1	25	71	5116	2852	1448	60	28	0	0	136	24	0	0	56	28	8	68	0	0
1	25	7151	2324	1044	644	120	104	0	0	40	12	0	0	16	4	0	32	0	0
1	25	7152	4744	2732	1468	148	48	0	0	120	28	16	4	24	12	0	92	4	16
1	25	7251	1164	308	188	8	0	0	0	20	0	0	0	0	0	0	20	0	4
1	25	7351	3604	1628	844	24	20	0	0	76	12	0	0	40	12	4	32	0	0
1	25	7352	3188	2248	984	0	0	0	0	156	0	24	0	16	24	0	92	0	0
1	25	7451	7512	5780	2720	80	32	0	0	304	32	68	8	40	32	4	184	0	16
1	25	81	1060	896	352	0	0	0	0	52	0	0	0	20	16	0	16	0	0
1	25	8151	3016	1400	884	0	0	0	0	92	0	0	4	12	4	4	68	0	0
1	25	8152	5624	4112	2048	4	4	0	0	252	4	8	4	64	24	0	152	0	0
1	25	82	4592	4320	1104	0	0	0	0	172	0	64	0	68	16	0	24	0	0
1	25	8251	4600	4200	948	0	0	0	0	152	0	20	0	44	20	0	68	0	0
1	25	8351	8772	7804	2756	264	116	0	0	372	92	188	0	40	32	0	204	0	52
1	25	8451	6152	5776	1524	248	64	0	0	240	60	180	0	24	32	0	64	0	84
1	25	8462	2108	1988	412	0	0	0	0	0	0	0	0	0	0	0	0	0	0
1	25	8551	6340	6068	1300	48	20	0	0	60	16	44	0	4	4	0	24	0	12
1	25	8562	404	380	96	52	0	0	0	0	0	0	0	0	0	0	0	40	44
1	25	8651	3332	3136	676	0	0	0	0	40	0	28	0	4	4	0	4	0	0
1	25	8652	2692	2584	324	0	0	0	0	0	0	0	0	0	0	0	0	0	0
1	25	8663	1840	1744	948	0	0	0	0	104	0	104	0	0	0	0	0	0	0
1	25	8664	1764	1672	928	0	0	0	0	96	0	96	0	0	0	0	0	0	0
1	25	8665	2340	2272	948	0	0	0	0	128	0	112	0	0	8	0	8	0	0
1	25	8666	3300	3116	936	104	68	0	0	88	20	76	0	12	16	0	4	0	24
1	25	8751	3780	3564	584	16	12	0	0	0	0	0	0	0	0	0	0	0	0
1	25	8762	3296	3140	860	376	148	0	0	56	16	52	0	0	4	0	16	0	164
1	25	8763	3064	2904	404	220	88	0	0	0	0	0	0	0	0	0	0	0	76
1	25	8764	3816	3636	712	0	0	0	0	0	0	0	0	0	0	0	0	0	0
1	25	91	2412	2260	1092	0	0	0	0	152	0	72	0	0	60	0	20	0	0
1	25	9351	15292	14488	4492	88	24	0	0	808	24	612	0	24	148	0	48	12	20
1	25	9352	7428	7112	2872	56	8	0	0	268	8	248	0	0	12	0	16	0	48
1	25	9471	14744	14008	7920	0	0	0	0	908	0	656	0	0	208	0	44	0	0
1	25	9551	1568	1488	816	40	24	0	0	76	20	56	0	0	40	0	0	0	12
1	25	9751	10512	9844	2104	76	8	0	0	472	36	284	4	56	132	0	32	0	12
1	30	11	7644	5644	1640	36	20	0	0	252	32	12	0	88	68	8	108	0	0
1	30	111	3212	2452	548	0	0	0	0	156	0	0	4	40	56	0	56	0	0
1	30	11161	4968	4268	524	0	0	0	0	308	0	28	0	12	208	0	60	0	0
1	30	11262	3304	2800	540	0	0	0	0	204	0	28	0	20	96	0	60	0	0
1	30	11263	3152	2752	608	72	12	0	0	188	20	24	0	8	132	0	44	4	28
1	30	1171	3068	2100	536	36	12	0	0	48	12	0	0	12	12	0	36	0	12
1	30	121	4672	3360	1176	60	40	0	0	152	36	8	0	20	88	4	68	0	4
1	30	122	4868	3656	1132	0	0	0	0	172	0	12	4	24	44	4	84	0	0
1	30	1272	6204	5340	1372	0	0	0	0	288	0	4	4	4	172	4	100	0	0
1	30	141	2028	1136	516	20	12	0	0	48	12	0	0	4	16	12	28	0	0
1	30	151	4632	2224	1172	64	32	0	0	84	20	4	0	36	24	0	40	0	4
1	30	161	3376	2024	928	4	4	0	0	108	0	0	0	0	0	4	104	0	0
1	30	171	3544	2836	1156	16	12	0	0	148	16	8	0	12	24	4	116	0	0
1	30	21	1560	1256	336	0	0	0	0	84	0	16	0	28	12	0	28	0	0
1	30	22	1752	1616	512	0	0	0	0	96	0	12	4	28	28	0	24	0	0
1	30	2371	11772	10796	3640	0	0	0	0	612	0	220	0	16	296	0	80	0	0
1	30	2471	14796	13932	4124	100	44	0	0	660	44	484	0	12	172	0	36	20	44
1	30	2571	24056	22760	6004	64	20	0	0	1304	24	868	0	48	240	0	172	4	40
1	30	2651	1628	1544	476	0	0	0	0	52	0	44	0	0	0	0	8	0	0
1	30	2661	3880	3680	680	136	28	0	0	52	12	56	0	0	0	0	8	0	84
1	30	2662	2120	1988	420	0	0	0	0	104	0	80	0	0	16	0	8	0	0
1	30	2663	1420	1356	396	0	0	0	0	96	0	88	0	0	0	0	8	0	0
1	30	2664	3740	3568	888	128	76	0	0	132	32	116	0	0	32	0	16	0	16
1	30	2665	2960	2756	660	0	0	0	0	40	0	32	0	0	4	0	4	0	0
1	30	2666	1896	1796	356	0	0	0	0	0	0	0	0	0	0	0	0	0	0
1	30	2751	9700	9188	2112	104	44	0	0	140	36	120	0	0	52	0	4	0	20
1	30	3153	1144	1076	120	128	8	0	0	64	12	4	0	0	48	0	24	12	92
1	30	3171	2248	1560	388	68	24	0	0	92	20	16	0	4	60	0	32	4	16
1	30	3351	3008	2664	552	4	0	0	0	192	0	64	0	16	80	0	32	0	0
1	30	3451	136	92	32	0	0	0	0	4	0	0	0	4	0	0	0	0	0
1	30	3551	1116	816	180	16	4	0	0	36	0	12	0	8	8	0	8	0	0
1	30	41	2252	1292	516	0	0	0	0	68	0	4	0	8	16	0	40	0	0
1	30	4151	4448	2880	940	128	40	0	0	168	44	16	0	24	72	20	80	0	16
1	30	4251	8416	6964	1840	116	76	0	0	368	60	120	0	48	108	0	152	0	20
1	30	4351	9180	8516	2580	0	0	0	0	452	0	188	0	24	60	0	180	0	0
1	30	4352	5920	4760	1980	476	236	0	0	232	56	32	4	40	36	0	176	0	36
1	30	51	7244	4520	1760	52	40	0	0	244	4	4	0	36	96	0	108	0	0
1	30	5151	368	216	88	0	0	0	0	16	0	0	0	0	4	0	12	0	0
1	30	6151	548	192	112	36	12	0	0	8	4	0	0	4	8	0	0	0	0
1	30	6271	4304	2816	564	68	16	0	0	192	20	8	16	48	68	0	72	0	16
1	30	6452	1300	392	232	24	12	0	0	28	0	0	0	8	12	8	0	0	0
1	30	6471	9564	5720	2416	348	216	0	0	216	56	12	8	24	72	12	144	0	28
1	30	71	5116	2868	1344	16	16	0	0	152	12	0	0	20	64	4	76	0	0
1	30	7151	2324	1048	556	0	0	0	0	48	0	0	0	12	0	0	36	0	0
1	30	7152	4744	2824	1464	844	448	0	0	120	32	4	8	20	20	8	92	0	56
1	30	7251	1164	332	200	8	8	0	0	20	4	0	0	0	0	0	20	0	0
1	30	7351	3604	1660	804	140	100	0	0	72	20	0	0	16	16	24	36	0	8
1	30	7352	3188	2204	928	764	336	0	0	120	32	8	0	20	20	0	104	0	100
1	30	7451	7512	5712	2588	40	32	0	0	304	28	40	8	52	36	0	196	0	0
1	30	81	1060	908	316	0	0	0	0	52	0	0	0	20	8	0	24	0	0
1	30	8151	3016	1404	820	0	0	0	0	92	0	4	0	4	12	4	68	0	0
1	30	8152	5624	4000	1744	32	12	0	0	232	12	8	4	40	20	0	172	0	4
1	30	82	4592	4364	1184	400	64	0	0	144	36	44	0	52	44	0	40	0	164
1	30	8251	4600	4144	924	36	12	0	0	136	20	20	0	40	52	0	44	0	12
1	30	8351	8772	7648	2464	32	20	0	0	424	20	152	0	36	40	0	216	0	8
1	30	8451	6152	5756	1412	84	12	0	0	280	12	192	0	24	28	0	48	0	40
1	30	8462	2108	1996	472	60	16	0	0	44	12	24	0	4	12	0	16	0	12
1	30	8551	6340	6036	1316	1564	396	0	0	72	20	60	0	0	0	0	32	20	620
1	30	8562	404	376	92	0	0	0	0	0	0	0	0	0	0	0	0	0	0
1	30	8651	3332	3136	696	184	44	0	0	48	12	44	0	8	4	0	4	0	72
1	30	8652	2692	2568	336	0	0	0	0	0	0	0	0	0	0	0	0	0	0
1	30	8663	1840	1768	852	0	0	0	0	104	0	100	0	0	4	0	0	0	0
1	30	8664	1764	1684	824	0	0	0	0	96	0	76	0	4	16	0	0	0	0
1	30	8665	2340	2204	840	0	0	0	0	120	0	112	0	0	4	0	4	0	0
1	30	8666	3300	3152	820	0	0	0	0	104	0	96	0	0	0	0	8	0	0
1	30	8751	3780	3624	616	112	20	0	0	0	0	0	0	0	0	0	0	0	60
1	30	8762	3296	3120	668	184	68	0	0	8	4	8	0	0	4	0	0	0	92
1	30	8763	3064	2892	328	0	0	0	0	0	0	0	0	0	0	0	0	0	0
1	30	8764	3816	3604	728	212	0	0	0	0	0	0	0	0	0	0	0	0	148
1	30	91	2412	2276	1044	0	0	0	0	152	0	36	0	12	76	4	24	0	0
1	30	9351	15292	14496	3908	120	48	0	0	784	52	528	4	24	208	0	72	0	52
1	30	9352	7428	7048	2628	104	80	0	0	220	56	224	0	0	20	0	32	44	20
1	30	9471	14744	13988	7196	0	0	0	0	904	0	652	0	4	208	0	40	0	0
1	30	9551	1568	1492	752	0	0	0	0	96	0	60	0	0	32	0	4	0	0
1	30	9751	10512	9644	1908	52	16	0	0	488	20	260	0	32	132	0	84	8	16
1	35	11	7644	5576	1672	0	0	0	0	320	0	12	0	56	108	8	136	0	0
1	35	111	3212	2460	560	8	4	0	0	156	8	4	12	36	32	8	72	0	0
1	35	11161	4968	4240	428	4	0	0	0	324	0	40	8	20	192	0	64	0	0
1	35	11262	3304	2768	540	72	24	0	0	180	24	32	4	16	76	4	72	0	28
1	35	11263	3152	2688	580	0	0	0	0	204	0	16	4	0	112	0	72	0	0
1	35	1171	3068	2104	564	92	36	0	0	88	24	4	0	8	44	0	56	0	12
1	35	121	4672	3332	1124	24	8	0	0	176	12	24	0	12	84	4	64	0	0
1	35	122	4868	3604	1196	84	40	0	0	164	40	24	0	40	48	4	88	0	12
1	35	1272	6204	5268	1260	0	0	0	0	288	0	8	0	16	156	0	108	0	0
1	35	141	2028	1156	540	0	0	0	0	60	0	0	0	12	8	0	40	0	0
1	35	151	4632	2220	1152	20	8	0	0	104	4	0	4	20	28	4	48	0	0
1	35	161	3376	1984	900	0	0	0	0	108	0	0	0	16	8	4	80	0	0
1	35	171	3544	2792	1096	12	0	0	0	152	8	8	0	20	24	0	108	0	0
1	35	21	1560	1248	312	0	0	0	0	84	0	8	4	24	36	0	12	0	0
1	35	22	1752	1524	448	0	0	0	0	80	0	12	0	12	20	0	36	0	0
1	35	2371	11772	10776	3372	308	136	0	0	488	124	200	4	24	344	0	40	8	44
1	35	2471	14796	14040	3708	0	0	0	0	708	0	452	0	12	192	0	52	0	0
1	35	2571	24056	22700	5788	696	228	0	0	932	232	784	0	48	220	0	112	12	260
1	35	2651	1628	1540	424	52	24	0	0	40	8	36	0	0	8	0	4	0	20
1	35	2661	3880	3696	684	48	20	0	0	56	16	72	0	0	0	0	0	4	20
1	35	2662	2120	2016	348	0	0	0	0	112	0	100	0	4	0	0	8	0	0
1	35	2663	1420	1368	296	0	0	0	0	96	0	76	0	8	0	0	12	0	0
1	35	2664	3740	3536	788	32	0	0	0	140	8	104	0	0	20	0	24	0	24
1	35	2665	2960	2804	624	0	0	0	0	28	0	20	0	4	0	0	4	0	0
1	35	2666	1896	1820	356	44	0	0	0	0	0	0	0	0	0	0	0	4	36
1	35	2751	9700	9304	2460	196	68	0	0	340	72	272	0	8	100	0	32	28	120
1	35	3153	1144	1084	76	0	0	0	0	68	0	0	0	0	52	0	16	0	0
1	35	3171	2248	1528	352	20	8	0	0	100	8	24	4	0	48	0	32	4	8
1	35	3351	3008	2676	512	36	0	0	0	192	0	76	0	0	64	4	48	36	12
1	35	3451	136	88	32	0	0	0	0	4	0	0	0	4	0	0	0	0	0
1	35	3551	1116	828	168	28	16	0	0	28	8	8	0	8	4	0	16	0	8
1	35	41	2252	1296	528	20	16	0	0	56	12	0	0	12	16	0	40	0	0
1	35	4151	4448	2856	844	0	0	0	0	208	0	8	0	20	60	12	108	0	0
1	35	4251	8416	6956	1688	88	20	0	0	412	20	108	4	40	124	0	156	0	36
1	35	4351	9180	8548	2444	488	136	0	0	368	92	208	0	20	72	0	160	12	148
1	35	4352	5920	4720	1608	0	0	0	0	264	0	8	0	48	16	4	188	0	0
1	35	51	7244	4484	1736	36	20	0	0	228	16	4	0	40	88	16	96	0	4
1	35	5151	368	220	80	0	0	0	0	16	0	0	0	0	4	4	8	0	0
1	35	6151	548	172	88	0	0	0	0	12	0	0	0	4	8	0	0	0	0
1	35	6271	4304	2800	524	0	0	0	0	212	0	12	8	36	36	16	104	0	0
1	35	6452	1300	392	216	0	0	0	0	28	0	0	0	0	8	4	16	0	0
1	35	6471	9564	5976	2400	164	72	0	0	252	28	28	12	24	48	12	156	0	8
1	35	71	5116	2848	1272	0	0	0	0	168	0	0	0	40	36	8	84	0	0
1	35	7151	2324	1084	556	16	12	0	0	48	4	0	0	8	0	8	32	0	0
1	35	7152	4744	2924	1136	0	0	0	0	112	0	8	0	12	20	8	64	0	0
1	35	7251	1164	328	180	0	0	0	0	24	0	0	0	8	0	4	12	0	0
1	35	7351	3604	1712	816	0	0	0	0	92	0	4	0	24	20	12	32	0	0
1	35	7352	3188	2284	668	0	0	0	0	108	0	16	4	12	4	0	72	0	0
1	35	7451	7512	5592	2368	0	0	0	0	320	0	24	4	44	28	8	212	0	0
1	35	81	1060	896	304	240	96	0	0	40	12	0	0	20	16	0	16	0	20
1	35	8151	3016	1452	820	0	0	0	0	100	0	0	0	16	8	8	68	0	0
1	35	8152	5624	3988	1660	112	48	0	0	200	44	16	0	56	12	4	156	0	12
1	35	82	4592	4352	1136	0	0	0	0	156	0	52	0	40	20	0	44	0	0
1	35	8251	4600	4104	932	0	0	0	0	152	0	12	0	36	40	0	64	0	0
1	35	8351	8772	7680	2452	136	48	0	0	412	40	128	4	32	52	0	236	4	20
1	35	8451	6152	5704	1364	44	16	0	0	236	16	152	0	4	36	0	60	0	24
1	35	8462	2108	1980	488	0	0	0	0	72	0	48	0	0	12	0	12	0	0
1	35	8551	6340	5980	972	1084	312	0	0	0	0	0	0	0	0	0	0	80	472
1	35	8562	404	380	92	36	0	0	0	0	0	0	0	0	0	0	0	0	28
1	35	8651	3332	3156	796	0	0	0	0	168	0	84	0	36	16	0	32	0	0
1	35	8652	2692	2552	436	52	0	0	0	0	0	0	0	0	0	0	0	0	40
1	35	8663	1840	1712	772	16	16	0	0	84	16	88	0	8	0	0	4	0	0
1	35	8664	1764	1684	740	64	44	0	0	76	20	68	0	4	20	0	4	0	4
1	35	8665	2340	2212	864	0	0	0	0	128	0	84	0	8	20	0	16	0	0
1	35	8666	3300	3168	820	76	24	0	0	88	24	88	0	4	4	0	16	0	28
1	35	8751	3780	3580	752	44	0	0	0	120	0	80	0	12	8	0	20	0	20
1	35	8762	3296	3100	624	4	0	0	0	0	0	0	0	0	0	0	0	0	4
1	35	8763	3064	2924	388	0	0	0	0	0	0	0	0	0	0	0	0	0	0
1	35	8764	3816	3664	756	0	0	0	0	0	0	0	0	0	0	0	0	0	0
1	35	91	2412	2232	944	224	124	0	0	120	32	64	0	20	56	0	12	0	32
1	35	9351	15292	14508	3392	248	52	0	0	776	72	532	0	44	200	0	72	8	108
1	35	9352	7428	7068	2372	60	24	0	0	232	24	200	0	0	24	0	32	0	16
1	35	9471	14744	14008	6500	40	16	0	0	896	16	644	0	4	216	0	48	0	16
1	35	9551	1568	1496	676	48	24	0	0	80	20	52	0	0	40	0	8	0	8
1	35	9751	10512	9540	1792	524	176	0	0	388	96	212	0	60	116	0	96	0	124
1	40	11	7644	5632	1756	264	108	0	0	264	64	16	8	68	136	16	84	0	36
1	40	111	3212	2448	536	0	0	0	0	168	0	8	4	44	64	4	44	0	0
1	40	11161	4968	4144	312	44	4	0	0	292	12	40	8	12	160	4	80	4	32
1	40	11262	3304	2756	520	0	0	0	0	200	0	16	0	20	104	8	52	0	0
1	40	11263	3152	2724	532	4	0	0	0	208	0	24	0	8	112	0	64	0	0
1	40	1171	3068	2140	616	80	36	0	0	104	24	8	0	4	40	16	60	0	16
1	40	121	4672	3284	1140	4	0	0	0	184	0	8	0	36	48	4	88	0	4
1	40	122	4868	3552	1152	4	4	0	0	192	4	12	0	24	72	12	72	0	0
1	40	1272	6204	5204	1160	156	32	0	0	248	44	24	0	0	196	0	72	4	36
1	40	141	2028	1172	520	0	0	0	0	64	0	0	0	12	0	0	52	0	0
1	40	151	4632	2204	1120	24	4	0	0	96	12	4	0	20	16	4	64	0	0
1	40	161	3376	1988	892	0	0	0	0	108	0	0	0	12	0	8	88	0	0
1	40	171	3544	2820	1108	76	24	0	0	132	32	8	0	8	28	0	120	0	4
1	40	21	1560	1252	304	0	0	0	0	84	0	12	4	8	24	8	28	0	0
1	40	22	1752	1576	424	0	0	0	0	80	0	12	0	12	40	0	16	0	0
1	40	2371	11772	10800	3152	100	32	0	0	568	36	232	0	16	304	0	52	12	28
1	40	2471	14796	14028	3456	0	0	0	0	716	0	492	0	8	184	0	32	4	0
1	40	2571	24056	22536	6088	1412	344	0	0	1080	268	916	0	24	280	0	128	80	488
1	40	2651	1628	1552	384	0	0	0	0	48	0	24	0	0	12	0	12	0	0
1	40	2661	3880	3668	652	88	16	0	0	56	16	64	0	0	0	0	8	8	60
1	40	2662	2120	1980	232	4	0	0	0	104	0	80	0	0	12	0	12	0	0
1	40	2663	1420	1292	208	172	20	0	0	72	16	68	0	8	4	0	8	68	64
1	40	2664	3740	3528	744	16	4	0	0	144	4	120	0	4	16	0	4	0	0
1	40	2665	2960	2820	648	640	204	0	0	44	12	40	0	0	8	0	8	8	220
1	40	2666	1896	1808	372	0	0	0	0	16	0	12	0	4	0	0	0	0	0
1	40	2751	9700	9252	2512	0	0	0	0	392	0	252	0	8	96	0	36	0	0
1	40	3153	1144	1076	96	8	0	0	0	68	0	4	0	0	52	0	12	0	4
1	40	3171	2248	1564	360	0	0	0	0	112	0	12	8	12	36	0	44	0	0
1	40	3351	3008	2624	500	0	0	0	0	188	0	24	0	16	76	0	72	0	0
1	40	3451	136	80	28	0	0	0	0	4	0	0	0	0	4	0	0	0	0
1	40	3551	1116	816	184	0	0	0	0	40	0	4	0	8	16	0	12	0	0
1	40	41	2252	1256	516	0	0	0	0	68	0	0	0	4	24	4	36	0	0
1	40	4151	4448	2880	808	160	48	0	0	168	44	28	4	56	48	4	72	0	28
1	40	4251	8416	6868	1568	416	68	0	0	344	84	168	4	40	96	0	120	24	148
1	40	4351	9180	8456	2200	364	48	0	0	348	68	172	0	16	92	0	136	12	120
1	40	4352	5920	4616	1424	872	164	0	0	208	52	36	0	56	44	0	124	16	140
1	40	51	7244	4412	1796	24	12	0	0	224	12	4	0	36	72	8	116	0	4
1	40	5151	368	200	76	0	0	0	0	12	0	0	0	0	4	0	8	0	0
1	40	6151	548	184	92	0	0	0	0	12	0	0	0	4	4	4	0	0	0
1	40	6271	4304	2732	508	164	44	0	0	164	40	4	8	40	72	16	64	0	12
1	40	6452	1300	412	240	0	0	0	0	28	0	0	0	16	0	0	12	0	0
1	40	6471	9564	5980	2352	76	60	0	0	252	28	20	8	48	48	12	144	0	0
1	40	71	5116	2752	1176	56	32	0	0	152	16	4	0	32	20	16	96	0	0
1	40	7151	2324	1096	572	120	80	0	0	40	12	0	0	8	12	12	20	0	4
1	40	7152	4744	2944	1144	0	0	0	0	116	0	4	0	20	16	0	76	0	0
1	40	7251	1164	376	220	8	8	0	0	24	0	0	0	8	4	4	8	0	0
1	40	7351	3604	1716	776	0	0	0	0	92	0	0	4	4	16	4	64	0	0
1	40	7352	3188	2244	668	0	0	0	0	112	0	8	4	0	12	0	88	0	0
1	40	7451	7512	5608	2360	0	0	0	0	324	0	48	4	20	48	4	200	0	0
1	40	81	1060	864	188	0	0	0	0	0	0	0	0	0	0	0	0	0	0
1	40	8151	3016	1516	828	0	0	0	0	100	0	0	8	16	16	0	60	0	0
1	40	8152	5624	3908	1520	0	0	0	0	240	0	4	0	36	32	0	168	0	0
1	40	82	4592	4320	1040	116	20	0	0	112	16	44	0	20	20	0	44	0	40
1	40	8251	4600	4116	896	740	36	0	0	128	32	20	0	32	28	4	76	108	308
1	40	8351	8772	7616	2248	48	28	0	0	420	28	120	4	40	68	4	212	0	20
1	40	8451	6152	5688	1348	0	0	0	0	240	0	112	4	16	36	0	72	0	0
1	40	8462	2108	1960	480	0	0	0	0	72	0	60	0	0	0	0	12	0	0
1	40	8551	6340	6020	796	56	28	0	0	0	0	0	0	0	0	0	0	0	8
1	40	8562	404	396	100	8	4	0	0	0	0	0	0	0	0	0	0	0	4
1	40	8651	3332	3160	912	0	0	0	0	180	0	80	0	36	16	0	48	0	0
1	40	8652	2692	2548	540	0	0	0	0	20	0	20	0	0	0	0	0	0	0
1	40	8663	1840	1728	704	336	136	0	0	84	20	100	0	4	0	0	0	0	76
1	40	8664	1764	1684	696	88	28	0	0	72	20	84	0	0	8	0	0	0	24
1	40	8665	2340	2224	848	180	88	0	0	104	24	112	0	4	8	0	4	0	16
1	40	8666	3300	3124	740	0	0	0	0	96	0	84	0	0	0	0	12	0	0
1	40	8751	3780	3596	856	60	0	0	0	176	0	76	0	40	20	0	40	4	44
1	40	8762	3296	3156	636	0	0	0	0	0	0	0	0	0	0	0	0	0	0
1	40	8763	3064	2900	452	72	4	0	0	0	0	0	0	0	0	0	0	0	40
1	40	8764	3816	3620	780	56	36	0	0	16	4	16	0	0	4	0	0	0	16
1	40	91	2412	2244	752	0	0	0	0	132	0	36	0	4	68	0	24	0	0
1	40	9351	15292	14532	2964	16	0	0	0	828	4	500	0	32	188	0	108	8	8
1	40	9352	7428	7028	2128	136	76	0	0	200	48	216	0	0	28	0	4	0	40
1	40	9471	14744	14000	5792	304	152	0	0	772	144	616	4	12	224	0	60	12	136
1	40	9551	1568	1484	596	0	0	0	0	92	0	48	0	0	36	0	8	0	0
1	40	9751	10512	9620	1600	68	16	0	0	252	32	112	0	20	92	0	60	0	24
1	45	11	7644	5616	1716	56	20	0	0	300	16	16	12	48	104	8	128	0	12
1	45	111	3212	2324	524	128	32	0	0	128	32	0	0	28	68	0	64	0	8
1	45	11161	4968	4100	268	0	0	0	0	268	0	40	8	8	116	4	92	0	0
1	45	11262	3304	2688	516	20	4	0	0	192	8	36	0	12	92	0	60	0	0
1	45	11263	3152	2740	440	28	0	0	0	208	0	20	4	8	128	4	44	0	0
1	45	1171	3068	2056	588	0	0	0	0	112	0	8	0	16	28	8	52	0	0
1	45	121	4672	3284	1208	0	0	0	0	184	0	4	0	16	52	8	104	0	0
1	45	122	4868	3492	1184	0	0	0	0	192	0	12	4	24	64	12	76	0	0
1	45	1272	6204	5188	1052	192	48	0	0	200	52	16	0	12	132	0	92	8	44
1	45	141	2028	1152	524	8	8	0	0	60	4	0	0	16	12	0	32	0	0
1	45	151	4632	2236	1176	0	0	0	0	112	0	4	0	16	20	8	64	0	0
1	45	161	3376	1932	908	44	28	0	0	88	16	0	0	4	0	4	96	0	0
1	45	171	3544	2800	1132	36	20	0	0	140	20	4	0	8	44	0	104	0	0
1	45	21	1560	1224	268	136	36	0	0	64	16	12	0	8	40	0	20	0	28
1	45	22	1752	1564	388	0	0	0	0	64	0	12	0	12	16	0	24	0	0
1	45	2371	11772	10772	2884	92	20	0	0	576	24	228	0	8	328	4	32	20	16
1	45	2471	14796	14104	3272	144	48	0	0	684	36	436	0	8	260	0	16	28	64
1	45	2571	24056	22580	6164	868	312	0	0	1012	252	840	0	24	300	0	100	4	208
1	45	2651	1628	1564	348	128	32	0	0	32	8	24	0	0	8	0	8	0	28
1	45	2661	3880	3712	652	104	32	0	0	68	16	60	0	8	0	0	16	8	32
1	45	2662	2120	2004	176	248	44	0	0	88	24	84	0	0	12	0	16	48	84
1	45	2663	1420	1376	180	432	64	0	0	68	16	56	0	4	0	0	24	56	120
1	45	2664	3740	3576	716	4	4	0	0	168	4	124	0	0	24	0	20	0	0
1	45	2665	2960	2784	440	36	4	0	0	0	0	0	0	0	0	0	0	0	16
1	45	2666	1896	1808	404	36	8	0	0	40	12	40	0	0	8	0	4	0	8
1	45	2751	9700	9204	2540	152	72	0	0	328	84	220	0	12	160	0	20	4	40
1	45	3153	1144	1084	80	0	0	0	0	68	0	4	0	0	48	0	16	0	0
1	45	3171	2248	1580	368	124	40	0	0	88	24	20	8	16	44	8	16	0	20
1	45	3351	3008	2600	516	544	176	0	0	152	36	28	4	20	72	4	60	8	88
1	45	3451	136	84	40	0	0	0	0	4	0	0	0	0	0	0	4	0	0
1	45	3551	1116	796	164	0	0	0	0	32	0	0	4	4	12	0	12	0	0
1	45	41	2252	1264	560	0	0	0	0	68	0	4	0	0	20	0	44	0	0
1	45	4151	4448	2872	740	68	4	0	0	200	4	8	4	20	56	12	100	0	12
1	45	4251	8416	6880	1572	304	68	0	0	272	68	88	0	32	108	0	112	0	56
1	45	4351	9180	8364	2020	132	36	0	0	376	28	184	0	8	64	0	148	0	40
1	45	4352	5920	4568	1160	720	132	0	0	172	44	20	4	32	32	4	124	8	76
1	45	51	7244	4448	1856	24	12	0	0	236	4	4	0	40	84	0	108	0	4
1	45	5151	368	192	68	8	4	0	0	8	4	0	0	0	0	0	8	0	0
1	45	6151	548	200	100	0	0	0	0	12	0	0	0	4	4	0	4	0	0
1	45	6271	4304	2704	516	48	16	0	0	192	8	12	0	36	32	24	96	0	0
1	45	6452	1300	416	216	0	0	0	0	28	0	0	0	8	4	0	16	0	0
1	45	6471	9564	6020	2376	164	88	0	0	232	56	16	0	36	60	8	168	0	20
1	45	71	5116	2724	1096	0	0	0	0	164	0	0	0	36	24	12	92	0	0
1	45	7151	2324	1148	532	0	0	0	0	52	0	0	0	12	0	16	24	0	0
1	45	7152	4744	2868	1076	0	0	0	0	116	0	8	0	12	12	4	80	0	0
1	45	7251	1164	376	208	0	0	0	0	24	0	0	0	8	4	0	12	0	0
1	45	7351	3604	1724	776	0	0	0	0	92	0	0	0	8	12	8	64	0	0
1	45	7352	3188	2284	680	124	20	0	0	108	12	0	0	8	40	0	72	0	20
1	45	7451	7512	5472	2308	84	40	0	0	288	24	48	0	32	56	8	168	0	4
1	45	81	1060	872	212	0	0	0	0	12	0	0	0	0	0	0	12	0	0
1	45	8151	3016	1476	776	0	0	0	0	96	0	4	0	20	12	8	52	0	0
1	45	8152	5624	3944	1488	72	20	0	0	212	28	4	4	40	36	4	152	0	0
1	45	82	4592	4292	1028	156	48	0	0	92	24	28	0	12	32	0	44	0	40
1	45	8251	4600	4100	892	32	16	0	0	132	20	32	0	24	44	4	48	0	4
1	45	8351	8772	7460	2132	160	68	0	0	384	60	124	4	24	76	4	212	0	20
1	45	8451	6152	5636	1404	32	12	0	0	288	8	148	0	20	56	0	72	0	4
1	45	8462	2108	1956	512	0	0	0	0	104	0	44	0	8	16	0	36	0	0
1	45	8551	6340	6060	952	0	0	0	0	0	0	0	0	0	0	0	0	0	0
1	45	8562	404	368	92	0	0	0	0	0	0	0	0	0	0	0	0	0	0
1	45	8651	3332	3184	1016	20	8	0	0	180	4	72	0	28	36	0	44	0	8
1	45	8652	2692	2520	680	0	0	0	0	132	0	56	0	24	20	0	32	0	0
1	45	8663	1840	1728	504	0	0	0	0	76	0	72	0	4	0	0	0	0	0
1	45	8664	1764	1656	624	0	0	0	0	84	0	80	0	4	0	0	0	0	0
1	45	8665	2340	2208	764	0	0	0	0	112	0	92	0	12	8	0	0	0	0
1	45	8666	3300	3160	680	0	0	0	0	64	0	48	0	0	0	0	16	0	0
1	45	8751	3780	3576	876	0	0	0	0	176	0	104	0	24	16	0	32	0	0
1	45	8762	3296	3160	716	0	0	0	0	60	0	20	0	12	16	0	12	0	0
1	45	8763	3064	2912	508	0	0	0	0	0	0	0	0	0	0	0	0	0	0
1	45	8764	3816	3644	812	0	0	0	0	52	0	44	0	0	4	0	4	0	0
1	45	91	2412	2252	680	32	16	0	0	124	12	32	0	16	80	0	8	0	0
1	45	9351	15292	14420	2648	472	124	0	0	716	124	456	0	36	244	0	104	0	180
1	45	9352	7428	7152	1904	180	12	0	0	208	36	176	0	0	56	0	12	0	76
1	45	9471	14744	14036	5004	276	128	0	0	784	124	544	0	20	292	0	52	0	72
1	45	9551	1568	1512	536	16	0	0	0	96	0	44	0	0	40	0	12	0	4
1	45	9751	10512	9580	1824	32	16	0	0	592	20	260	8	60	188	0	96	0	8
1	50	11	7644	5416	1628	0	0	0	0	300	0	28	0	64	72	0	136	0	0
1	50	111	3212	2344	504	8	4	0	0	156	4	4	0	24	72	0	56	0	4
1	50	11161	4968	4060	416	0	0	0	0	308	0	92	0	4	140	4	68	0	0
1	50	11262	3304	2724	516	212	60	0	0	164	40	32	0	8	104	4	56	0	56
1	50	11263	3152	2684	404	24	8	0	0	196	8	24	4	12	108	0	56	0	4
1	50	1171	3068	2064	632	0	0	0	0	116	0	4	0	36	28	4	44	0	0
1	50	121	4672	3280	1248	40	20	0	0	164	20	20	0	16	68	8	72	0	4
1	50	122	4868	3544	1272	32	16	0	0	172	24	40	0	24	72	4	56	0	4
1	50	1272	6204	5204	1152	64	12	0	0	320	12	20	0	28	180	8	96	0	12
1	50	141	2028	1116	504	12	4	0	0	56	4	0	0	28	0	4	24	0	0
1	50	151	4632	2264	1184	56	32	0	0	88	24	4	0	36	32	8	32	0	0
1	50	161	3376	1936	892	0	0	0	0	104	0	0	0	12	4	4	84	0	0
1	50	171	3544	2700	1080	0	0	0	0	152	0	8	0	16	20	0	108	0	0
1	50	21	1560	1172	268	0	0	0	0	64	0	12	0	16	16	0	20	0	0
1	50	22	1752	1536	404	0	0	0	0	80	0	8	0	20	24	0	28	0	0
1	50	2371	11772	10688	2648	36	0	0	0	592	0	196	0	28	300	4	64	24	20
1	50	2471	14796	13964	3128	1972	488	0	0	556	140	376	4	16	260	0	40	44	456
1	50	2571	24056	22472	6036	796	320	0	0	968	240	784	0	24	280	0	120	0	160
1	50	2651	1628	1556	316	160	20	0	0	4	0	0	0	0	0	0	4	0	68
1	50	2661	3880	3648	660	0	0	0	0	96	0	60	0	0	4	0	32	0	0
1	50	2662	2120	2012	92	0	0	0	0	92	0	68	0	0	8	0	16	0	0
1	50	2663	1420	1352	60	0	0	0	0	0	0	0	0	0	0	0	0	0	0
1	50	2664	3740	3520	704	156	60	0	0	132	32	104	0	4	16	0	40	0	32
1	50	2665	2960	2840	468	292	76	0	0	0	0	0	0	0	0	0	0	12	116
1	50	2666	1896	1812	388	0	0	0	0	32	0	20	0	0	4	0	8	0	0
1	50	2751	9700	9276	2460	552	228	0	0	328	84	232	0	20	144	0	16	12	96
1	50	3153	1144	1068	108	0	0	0	0	64	0	0	0	4	52	0	8	0	0
1	50	3171	2248	1568	352	40	4	0	0	104	4	24	0	12	40	0	28	0	16
1	50	3351	3008	2592	344	16	0	0	0	116	0	24	0	8	48	0	36	0	8
1	50	3451	136	84	40	0	0	0	0	4	0	0	0	0	4	0	0	0	0
1	50	3551	1116	804	236	4	0	0	0	52	0	24	4	4	4	0	16	0	4
1	50	41	2252	1268	588	36	20	0	0	56	12	0	0	20	4	0	44	0	0
1	50	4151	4448	2824	672	12	4	0	0	204	0	8	4	36	60	0	96	0	4
1	50	4251	8416	6864	1676	36	12	0	0	352	24	116	0	52	72	0	136	0	0
1	50	4351	9180	8408	2032	56	0	0	0	404	4	136	0	36	76	0	156	0	20
1	50	4352	5920	4620	1048	0	0	0	0	196	0	24	4	8	40	0	120	0	0
1	50	51	7244	4388	1788	0	0	0	0	236	0	0	0	16	96	8	116	0	0
1	50	5151	368	212	80	0	0	0	0	16	0	0	0	0	12	0	4	0	0
1	50	6151	548	228	104	0	0	0	0	16	0	0	0	4	0	4	8	0	0
1	50	6271	4304	2688	488	0	0	0	0	200	0	8	0	44	48	4	96	0	0
1	50	6452	1300	432	204	0	0	0	0	28	0	0	0	4	0	12	12	0	0
1	50	6471	9564	6080	2408	160	132	0	0	248	60	36	4	52	56	12	148	0	0
1	50	71	5116	2824	1168	4	0	0	0	172	0	0	0	44	12	8	108	0	0
1	50	7151	2324	1132	564	20	4	0	0	52	0	4	0	4	0	4	40	0	0
1	50	7152	4744	2880	1068	264	100	0	0	92	24	0	4	8	8	8	88	0	12
1	50	7251	1164	392	196	0	0	0	0	24	0	0	0	0	4	0	20	0	0
1	50	7351	3604	1720	804	240	148	0	0	72	20	0	4	24	28	0	36	0	24
1	50	7352	3188	2288	616	308	136	0	0	92	24	12	0	32	24	0	48	0	24
1	50	7451	7512	5480	2216	272	156	0	0	248	60	24	0	44	44	0	196	0	24
1	50	81	1060	880	228	0	0	0	0	28	0	0	0	16	4	0	8	0	0
1	50	8151	3016	1528	760	0	0	0	0	100	0	0	0	20	20	12	48	0	0
1	50	8152	5624	3860	1388	0	0	0	0	236	0	8	0	24	40	0	164	0	0
1	50	82	4592	4292	1004	8	0	0	0	92	0	36	0	20	16	0	20	4	0
1	50	8251	4600	4116	924	0	0	0	0	164	0	20	0	16	24	0	104	0	0
1	50	8351	8772	7424	2040	92	20	0	0	404	24	124	0	40	44	0	220	0	20
1	50	8451	6152	5700	1424	556	112	0	0	248	64	148	0	20	52	0	92	12	152
1	50	8462	2108	1972	504	540	180	0	0	76	20	40	0	8	16	0	32	0	100
1	50	8551	6340	5976	1100	232	8	0	0	0	0	0	0	0	0	0	0	0	116
1	50	8562	404	396	104	0	0	0	0	0	0	0	0	0	0	0	0	0	0
1	50	8651	3332	3168	1088	4	0	0	0	180	0	68	0	44	12	0	56	0	4
1	50	8652	2692	2528	640	0	0	0	0	120	0	64	0	8	20	0	28	0	0
1	50	8663	1840	1760	484	0	0	0	0	80	0	76	0	4	0	0	0	0	0
1	50	8664	1764	1696	612	0	0	0	0	88	0	68	0	0	12	0	8	0	0
1	50	8665	2340	2216	728	84	40	0	0	88	24	92	0	8	12	0	0	0	16
1	50	8666	3300	3132	728	32	12	0	0	100	12	80	0	8	4	0	20	0	8
1	50	8751	3780	3556	936	1004	288	0	0	152	40	76	0	24	44	0	48	28	240
1	50	8762	3296	3084	720	352	92	0	0	52	16	36	0	0	16	0	16	0	100
1	50	8763	3064	2868	580	64	12	0	0	0	0	0	0	0	0	0	0	20	24
1	50	8764	3816	3668	844	0	0	0	0	84	0	48	0	4	8	0	24	0	0
1	50	91	2412	2228	612	0	0	0	0	132	0	56	4	4	52	0	16	0	0
1	50	9351	15292	14368	2444	1328	268	0	0	672	168	460	0	44	236	0	100	12	304
1	50	9352	7428	7012	1688	192	4	0	0	228	8	172	0	0	48	0	16	16	160
1	50	9471	14744	13968	4304	156	64	0	0	832	68	576	0	12	260	0	52	0	52
1	50	9551	1568	1536	472	0	0	0	0	100	0	40	0	0	52	0	8	0	0
1	50	9751	10512	9640	1816	0	0	0	0	620	0	228	4	56	224	0	108	0	0
1	55	11	7644	5364	1616	128	24	0	0	256	44	20	4	48	108	8	112	0	12
1	55	111	3212	2316	460	0	0	0	0	164	0	8	0	12	52	0	92	0	0
1	55	11161	4968	4000	484	180	12	0	0	264	40	36	4	16	144	8	96	8	32
1	55	11262	3304	2696	468	60	36	0	0	152	32	32	4	28	56	0	64	0	4
1	55	11263	3152	2672	356	0	0	0	0	200	0	16	4	12	136	4	28	0	0
1	55	1171	3068	2008	664	20	8	0	0	104	8	16	0	4	40	4	48	0	0
1	55	121	4672	3240	1212	16	4	0	0	176	4	4	0	28	24	4	116	0	0
1	55	122	4868	3356	1240	40	20	0	0	160	24	8	0	12	76	4	84	0	0
1	55	1272	6204	5120	1132	172	52	0	0	260	64	44	0	20	172	0	88	4	20
1	55	141	2028	1136	504	24	12	0	0	48	12	0	0	12	4	0	44	0	0
1	55	151	4632	2312	1172	0	0	0	0	116	0	0	4	20	20	20	52	0	0
1	55	161	3376	1984	912	0	0	0	0	108	0	0	0	20	0	4	84	0	0
1	55	171	3544	2740	1072	8	0	0	0	156	0	4	0	0	20	4	128	0	0
1	55	21	1560	1172	292	0	0	0	0	68	0	8	0	4	24	8	24	0	0
1	55	22	1752	1536	464	120	28	0	0	72	20	12	0	24	4	4	48	0	4
1	55	2371	11772	10600	2656	28	0	0	0	592	0	228	4	16	288	0	56	4	24
1	55	2471	14796	13956	2404	76	24	0	0	504	36	292	0	0	212	0	36	0	12
1	55	2571	24056	22644	5728	1164	448	0	0	940	236	688	0	44	340	0	104	32	160
1	55	2651	1628	1532	372	0	0	0	0	40	0	8	0	8	8	0	16	0	0
1	55	2661	3880	3660	684	196	16	0	0	144	20	88	0	8	8	0	60	4	152
1	55	2662	2120	2024	100	8	0	0	0	96	4	72	0	0	4	0	20	0	0
1	55	2663	1420	1348	116	48	0	0	0	52	4	28	0	0	0	0	24	24	8
1	55	2664	3740	3544	796	64	4	0	0	200	8	136	0	8	20	0	44	0	24
1	55	2665	2960	2804	480	0	0	0	0	0	0	0	0	0	0	0	0	0	0
1	55	2666	1896	1788	424	0	0	0	0	72	0	52	0	0	12	0	8	0	0
1	55	2751	9700	9252	2216	0	0	0	0	328	0	184	0	20	108	0	16	0	0
1	55	3153	1144	1040	96	0	0	0	0	64	0	8	0	0	40	0	16	0	0
1	55	3171	2248	1596	336	0	0	0	0	108	0	4	8	8	52	0	36	0	0
1	55	3351	3008	2532	328	32	0	0	0	108	0	24	0	4	20	8	52	8	4
1	55	3451	136	84	52	0	0	0	0	4	0	0	0	0	0	0	4	0	0
1	55	3551	1116	784	256	16	0	0	0	40	8	8	0	8	8	0	24	0	0
1	55	41	2252	1324	628	0	0	0	0	72	0	0	0	4	16	0	52	0	0
1	55	4151	4448	2764	544	8	4	0	0	192	4	4	4	28	56	16	84	0	0
1	55	4251	8416	6808	1680	0	0	0	0	380	0	88	0	32	92	8	160	0	0
1	55	4351	9180	8400	2020	104	28	0	0	376	36	136	0	16	92	0	168	0	32
1	55	4352	5920	4524	976	276	56	0	0	132	32	16	4	16	32	0	96	0	32
1	55	51	7244	4376	1812	0	0	0	0	236	0	0	0	32	48	28	128	0	0
1	55	5151	368	208	68	0	0	0	0	12	0	4	0	0	0	4	4	0	0
1	55	6151	548	208	80	0	0	0	0	12	0	0	0	0	4	4	4	0	0
1	55	6271	4304	2660	436	356	64	0	0	156	40	16	0	48	32	16	84	8	48
1	55	6452	1300	436	192	0	0	0	0	28	0	0	0	16	4	8	0	0	0
1	55	6471	9564	6056	2152	0	0	0	0	288	0	20	0	40	40	12	176	0	0
1	55	71	5116	2732	1040	0	0	0	0	164	0	0	0	24	32	16	92	0	0
1	55	7151	2324	1096	476	0	0	0	0	48	0	0	0	12	8	4	24	0	0
1	55	7152	4744	2940	1012	0	0	0	0	112	0	4	0	24	20	8	56	0	0
1	55	7251	1164	384	172	28	28	0	0	20	4	0	0	0	0	16	4	0	0
1	55	7351	3604	1724	676	236	104	0	0	60	16	0	4	12	16	0	44	0	16
1	55	7352	3188	2316	444	72	4	0	0	100	0	4	4	32	8	0	52	0	24
1	55	7451	7512	5528	2112	0	0	0	0	300	0	40	8	16	52	12	172	0	0
1	55	81	1060	860	228	68	12	0	0	24	4	0	0	12	8	0	8	0	12
1	55	8151	3016	1560	732	0	0	0	0	104	0	0	4	16	4	4	76	0	0
1	55	8152	5624	3852	1324	4	0	0	0	236	0	4	0	24	12	4	192	0	0
1	55	82	4592	4328	1128	0	0	0	0	216	0	44	0	48	60	4	60	0	0
1	55	8251	4600	4144	928	0	0	0	0	176	0	20	0	28	28	0	100	0	0
1	55	8351	8772	7336	1944	136	40	0	0	388	40	124	0	36	56	4	208	0	16
1	55	8451	6152	5672	1308	120	24	0	0	120	28	68	0	16	20	0	44	0	40
1	55	8462	2108	1960	328	0	0	0	0	0	0	0	0	0	0	0	0	0	0
1	55	8551	6340	6040	1336	220	108	0	0	52	16	28	0	4	4	0	32	0	16
1	55	8562	404	392	136	0	0	0	0	12	0	12	0	0	0	0	0	0	0
1	55	8651	3332	3172	1076	264	132	0	0	148	36	88	0	16	56	0	24	0	40
1	55	8652	2692	2544	700	0	0	0	0	140	0	64	0	20	8	0	48	0	0
1	55	8663	1840	1732	428	0	0	0	0	80	0	72	0	4	0	0	4	0	0
1	55	8664	1764	1668	576	0	0	0	0	88	0	52	0	8	4	0	24	0	0
1	55	8665	2340	2224	688	0	0	0	0	108	0	72	0	4	20	0	12	0	0
1	55	8666	3304	3112	780	0	0	0	0	168	0	116	0	12	12	0	28	0	0
1	55	8751	3780	3608	592	24	0	0	0	0	0	0	0	0	0	0	0	0	8
1	55	8762	3296	3120	752	0	0	0	0	100	0	72	0	4	12	0	12	0	0
1	55	8763	3064	2892	700	0	0	0	0	88	0	24	0	8	0	0	56	0	0
1	55	8764	3816	3656	1008	0	0	0	0	208	0	136	0	4	12	0	56	0	0
1	55	91	2412	2228	544	4	4	0	0	136	0	32	0	0	76	0	28	0	0
1	55	9351	15292	14424	2292	196	60	0	0	684	52	340	0	48	192	0	156	4	56
1	55	9352	7428	7044	1512	232	12	0	0	184	44	160	0	0	44	0	24	0	44
1	55	9471	14744	13988	3700	76	32	0	0	880	32	552	0	36	264	0	60	0	8
1	55	9551	1568	1488	376	0	0	0	0	96	0	16	0	0	72	0	8	0	0
1	55	9751	10512	9568	1856	0	0	0	0	620	0	296	0	44	160	0	120	0	0
1	60	11	7644	5300	1572	168	72	0	0	220	36	24	4	40	52	0	136	0	12
1	60	111	3212	2280	432	40	24	0	0	152	12	4	0	20	36	16	88	0	0
1	60	11161	4968	3948	548	80	8	0	0	284	12	60	0	12	132	8	84	0	20
1	60	11262	3304	2652	404	292	64	0	0	148	36	60	0	20	48	0	56	12	48
1	60	11263	3152	2644	324	0	0	0	0	200	0	12	4	4	136	4	40	0	0
1	60	1171	3068	2008	676	88	40	0	0	88	24	20	0	4	36	0	52	0	12
1	60	121	4672	3208	1224	4	0	0	0	176	0	8	0	8	40	12	108	0	4
1	60	122	4868	3368	1312	32	20	0	0	164	20	12	0	24	64	12	72	0	0
1	60	1272	6204	5124	1176	56	16	0	0	300	20	32	0	28	136	0	124	0	8
1	60	141	2028	1144	488	0	0	0	0	60	0	0	0	4	8	0	48	0	0
1	60	151	4632	2228	1084	0	0	0	0	108	0	0	0	20	20	4	64	0	0
1	60	161	3376	1960	876	8	8	0	0	100	4	4	0	12	12	8	64	0	0
1	60	171	3544	2796	1056	12	4	0	0	156	4	0	0	8	16	4	128	0	0
1	60	21	1560	1192	316	0	0	0	0	68	0	8	4	12	24	0	20	0	0
1	60	22	1752	1512	488	0	0	0	0	84	0	8	0	24	12	0	40	0	0
1	60	2371	11772	10480	2440	0	0	0	0	580	0	244	0	20	280	0	36	0	0
1	60	2471	14796	14012	2252	88	12	0	0	544	12	264	0	8	264	0	20	4	44
1	60	2571	24056	22528	5456	20	8	0	0	896	12	580	0	24	204	0	100	0	8
1	60	2651	1628	1556	380	288	112	0	0	36	8	12	0	0	12	0	20	0	44
1	60	2661	3880	3704	704	148	40	0	0	160	40	116	0	8	4	0	72	0	28
1	60	2662	2120	2020	120	0	0	0	0	120	0	80	0	4	12	0	24	0	0
1	60	2663	1420	1376	144	0	0	0	0	64	0	24	0	0	0	0	40	0	0
1	60	2664	3740	3512	896	20	4	0	0	192	12	144	0	0	36	0	24	0	4
1	60	2665	2960	2800	572	120	32	0	0	0	0	0	0	0	0	0	0	4	44
1	60	2666	1896	1840	452	676	168	0	0	88	20	72	0	4	8	0	24	16	196
1	60	2751	9700	9180	2180	116	28	0	0	312	32	192	0	12	124	0	16	8	64
1	60	3153	1144	1048	100	0	0	0	0	64	0	4	0	4	44	0	12	0	0
1	60	3171	2248	1560	296	0	0	0	0	108	0	0	4	4	56	4	40	0	0
1	60	3351	3008	2536	336	0	0	0	0	120	0	28	4	8	40	0	40	0	0
1	60	3451	136	88	40	0	0	0	0	4	0	0	0	0	0	0	4	0	0
1	60	3551	1116	792	304	0	0	0	0	48	0	8	0	0	16	4	20	0	0
1	60	41	2252	1264	568	40	32	0	0	56	12	0	0	0	16	8	44	0	0
1	60	4151	4448	2724	480	8	4	0	0	192	0	8	0	16	64	8	96	4	0
1	60	4251	8416	6748	1640	180	20	0	0	328	52	84	4	44	72	4	172	0	36
1	60	4351	9180	8336	2012	516	160	0	0	328	80	120	0	36	104	0	148	0	60
1	60	4352	5920	4532	1024	68	16	0	0	160	24	16	4	24	32	12	96	0	0
1	60	51	7244	4360	1780	24	8	0	0	228	4	0	0	24	64	24	116	0	0
1	60	5151	368	208	68	0	0	0	0	16	0	0	0	4	8	0	4	0	0
1	60	6151	548	212	88	12	0	0	0	16	0	0	4	4	0	0	8	0	8
1	60	6271	4304	2620	412	72	4	0	0	168	8	12	0	40	32	20	72	0	4
1	60	6452	1300	420	168	0	0	0	0	28	0	0	0	4	0	4	20	0	0
1	60	6471	9564	5812	1996	724	324	0	0	224	56	32	0	28	40	16	164	0	56
1	60	71	5116	2668	956	12	4	0	0	156	4	0	0	32	24	8	92	0	0
1	60	7151	2324	1096	488	0	0	0	0	48	0	0	0	8	4	4	32	0	0
1	60	7152	4744	2876	920	0	0	0	0	108	0	0	0	32	4	4	68	0	0
1	60	7251	1164	380	156	20	16	0	0	20	4	0	0	4	4	0	12	0	0
1	60	7351	3604	1768	592	0	0	0	0	68	0	0	0	20	4	8	36	0	0
1	60	7352	3188	2296	392	0	0	0	0	100	0	4	0	12	0	4	80	0	0
1	60	7451	7512	5364	1992	140	56	0	0	256	36	16	8	40	48	4	176	0	0
1	60	81	1060	820	232	20	0	0	0	32	0	0	0	8	8	0	16	0	12
1	60	8151	3016	1508	628	0	0	0	0	100	0	4	0	16	4	16	60	0	0
1	60	8152	5624	3792	1244	308	104	0	0	184	48	8	0	20	24	4	176	0	24
1	60	82	4592	4304	1248	388	44	0	0	200	52	48	0	60	24	0	120	0	100
1	60	8251	4600	4104	852	728	72	0	0	128	32	12	0	28	24	0	96	40	236
1	60	8351	8772	7324	1800	28	4	0	0	432	8	128	8	32	64	4	204	0	4
1	60	8451	6152	5648	1460	920	232	0	0	216	52	132	0	16	24	0	96	16	236
1	60	8462	2108	1984	432	68	4	0	0	24	4	16	0	4	0	0	4	4	36
1	60	8551	6340	5984	1380	8	8	0	0	104	8	36	0	16	8	0	52	0	0
1	60	8562	404	384	140	0	0	0	0	20	0	16	0	4	0	0	0	0	0
1	60	8651	3332	3184	932	68	36	0	0	132	32	32	0	36	36	0	60	0	0
1	60	8652	2692	2568	688	0	0	0	0	140	0	52	0	24	20	0	44	0	0
1	60	8663	1840	1740	368	16	8	0	0	68	8	72	0	0	0	0	4	0	4
1	60	8664	1764	1696	528	220	84	0	0	72	20	64	0	0	20	0	8	0	20
1	60	8665	2340	2224	644	0	0	0	0	104	0	84	0	4	8	0	8	0	0
1	60	8666	3304	3148	736	0	0	0	0	144	0	96	0	0	0	0	48	0	0
1	60	8751	3780	3560	676	144	4	0	0	0	0	0	0	0	0	0	0	0	88
1	60	8762	3296	3192	892	884	392	0	0	136	32	96	0	0	20	0	52	0	108
1	60	8763	3064	2960	780	24	20	0	0	148	12	56	0	32	16	0	56	0	0
1	60	8764	3816	3636	1020	0	0	0	0	208	0	116	0	12	16	0	64	0	0
1	60	91	2412	2216	448	76	28	0	0	112	24	48	0	12	48	0	28	0	20
1	60	9351	15292	14372	2244	36	0	0	0	736	0	404	0	24	192	0	116	4	24
1	60	9352	7428	7056	1408	352	96	0	0	168	44	140	0	0	44	0	28	4	156
1	60	9471	14744	13940	3104	200	60	0	0	840	60	536	0	4	300	0	60	0	84
1	60	9551	1568	1512	324	0	0	0	0	96	0	56	0	0	40	0	0	0	0
1	60	9751	10512	9404	1864	36	8	0	0	596	20	340	0	32	172	0	72	0	0
1	65	11	7644	5308	1648	8	0	0	0	280	8	32	4	56	68	20	108	0	0
1	65	111	3212	2260	428	0	0	0	0	160	0	0	4	12	40	12	92	0	0
1	65	11161	4968	3944	684	4	0	0	0	292	0	64	0	12	140	8	68	0	0
1	65	11262	3304	2612	328	0	0	0	0	164	0	44	4	16	44	4	52	0	0
1	65	11263	3152	2632	320	0	0	0	0	200	0	32	0	28	80	0	60	0	0
1	65	1171	3068	1988	668	4	0	0	0	100	0	32	0	16	16	8	28	0	0
1	65	121	4672	3188	1216	0	0	0	0	176	0	4	4	28	36	12	92	0	0
1	65	122	4868	3332	1300	64	36	0	0	152	28	16	0	24	44	0	96	0	4
1	65	1272	6204	4968	1156	0	0	0	0	308	0	52	0	20	124	0	112	0	0
1	65	141	2028	1148	464	0	0	0	0	60	0	0	0	8	4	4	44	0	0
1	65	151	4632	2216	1040	0	0	0	0	108	0	0	0	32	28	4	44	0	0
1	65	161	3376	1936	808	8	0	0	0	100	0	0	0	12	4	4	80	0	0
1	65	171	3544	2760	992	24	8	0	0	148	8	4	0	0	16	8	128	0	0
1	65	21	1560	1140	308	0	0	0	0	64	0	4	0	4	36	0	20	0	0
1	65	22	1752	1468	544	0	0	0	0	80	0	16	0	16	16	0	32	0	0
1	65	2371	11772	10604	2472	184	92	0	0	484	116	216	0	32	308	12	32	0	12
1	65	2471	14796	13996	2260	0	0	0	0	580	0	216	0	0	288	0	76	0	0
1	65	2571	24056	22488	5612	356	104	0	0	1100	124	808	0	48	272	0	96	24	60
1	65	2651	1628	1564	268	0	0	0	0	0	0	0	0	0	0	0	0	0	0
1	65	2661	3880	3708	740	0	0	0	0	196	0	124	0	4	4	0	64	0	0
1	65	2662	2120	2024	128	8	0	0	0	124	0	96	0	0	12	0	16	0	0
1	65	2663	1420	1348	124	16	0	0	0	60	0	12	0	4	4	0	40	196	8
1	65	2664	3740	3544	968	204	76	0	0	168	40	128	0	8	40	0	32	0	12
1	65	2665	2960	2832	644	128	0	0	0	56	16	32	0	4	4	0	32	4	96
1	65	2666	1896	1784	276	0	0	0	0	0	0	0	0	0	0	0	0	0	0
1	65	2751	9700	9148	2148	52	12	0	0	308	20	192	0	8	120	0	8	0	16
1	65	3153	1144	1012	92	4	0	0	0	64	0	0	0	0	52	0	12	0	4
1	65	3171	2248	1544	256	0	0	0	0	108	0	4	4	16	44	8	32	0	0
1	65	3351	3008	2464	304	0	0	0	0	124	0	16	0	8	44	0	56	0	0
1	65	3451	136	84	44	0	0	0	0	4	0	0	0	0	0	0	4	0	0
1	65	3551	1116	788	340	16	12	0	0	40	8	12	0	4	4	0	28	0	0
1	65	41	2252	1308	592	0	0	0	0	68	0	0	0	24	0	4	40	0	0
1	65	4151	4448	2660	420	16	4	0	0	180	8	16	4	28	32	16	92	0	0
1	65	4251	8416	6648	1656	20	4	0	0	368	0	108	12	20	84	4	140	0	0
1	65	4351	9180	8404	1968	964	108	0	0	296	76	124	4	20	60	0	164	32	372
1	65	4352	5920	4500	1040	0	0	0	0	200	0	8	8	36	32	4	112	0	0
1	65	51	7244	4268	1736	0	0	0	0	224	0	8	0	12	52	12	140	0	0
1	65	5151	368	204	56	0	0	0	0	12	0	0	0	4	8	0	0	0	0
1	65	6151	548	208	76	0	0	0	0	12	0	0	0	4	4	4	0	0	0
1	65	6271	4304	2580	360	0	0	0	0	172	0	8	8	32	24	16	84	0	0
1	65	6452	1300	460	172	0	0	0	0	32	0	0	0	16	8	4	4	0	0
1	65	6471	9564	6028	1796	0	0	0	0	232	0	20	4	28	36	12	132	0	0
1	65	71	5116	2696	976	40	16	0	0	152	8	4	0	24	36	20	76	0	0
1	65	7151	2324	1064	436	8	0	0	0	48	0	4	0	8	0	0	36	0	0
1	65	7152	4744	2888	908	348	176	0	0	92	24	0	0	16	12	4	84	0	20
1	65	7251	1164	408	172	0	0	0	0	24	0	0	0	4	4	4	12	0	0
1	65	7351	3604	1744	580	0	0	0	0	68	0	0	0	16	12	0	40	0	0
1	65	7352	3188	2292	340	0	0	0	0	100	0	8	0	0	8	4	80	0	0
1	65	7451	7512	5316	1812	176	72	0	0	232	56	36	4	44	36	4	164	0	12
1	65	81	1060	836	220	0	0	0	0	20	0	0	4	4	0	0	12	0	0
1	65	8151	3016	1528	560	0	0	0	0	96	0	0	0	16	0	12	68	0	0
1	65	8152	5624	3780	1124	0	0	0	0	212	0	8	0	32	28	0	144	0	0
1	65	82	4592	4308	1204	124	44	0	0	184	48	68	0	36	40	0	88	0	8
1	65	8251	4600	4048	776	188	20	0	0	88	20	12	4	8	28	4	52	12	60
1	65	8351	8772	7276	1808	276	48	0	0	356	88	132	0	44	56	4	208	12	16
1	65	8451	6152	5628	1260	64	32	0	0	44	12	20	0	12	12	0	12	0	8
1	65	8462	2108	1940	488	180	56	0	0	56	12	24	0	8	4	0	32	0	36
1	65	8551	6340	6060	1508	1056	248	0	0	200	48	92	0	16	20	0	120	64	320
1	65	8562	404	376	128	0	0	0	0	12	0	12	0	0	0	0	0	0	0
1	65	8651	3332	3100	908	52	0	0	0	152	0	60	0	36	8	0	48	0	4
1	65	8652	2692	2564	672	312	8	0	0	124	16	72	0	20	12	0	36	0	232
1	65	8663	1840	1740	372	0	0	0	0	80	0	72	0	0	4	0	4	0	0
1	65	8664	1764	1688	404	0	0	0	0	40	0	32	0	0	4	0	4	0	0
1	65	8665	2340	2216	584	0	0	0	0	100	0	60	0	0	12	0	28	0	0
1	65	8666	3304	3180	768	80	20	0	0	148	32	124	0	12	12	0	32	0	4
1	65	8751	3780	3588	760	0	0	0	0	28	0	4	0	0	0	0	24	0	0
1	65	8762	3296	3124	540	0	0	0	0	0	0	0	0	0	0	0	0	0	0
1	65	8763	3064	2916	732	56	0	0	0	120	0	60	0	12	16	0	32	0	44
1	65	8764	3816	3664	1048	696	152	0	0	168	40	120	0	20	12	0	56	0	308
1	65	91	2412	2248	408	0	0	0	0	132	0	36	0	4	48	0	44	0	0
1	65	9351	15292	14416	2256	1056	184	0	0	632	160	444	0	20	252	0	76	44	240
1	65	9352	7428	7096	1364	112	40	0	0	144	36	124	0	4	52	0	0	0	44
1	65	9471	14744	13896	2484	152	36	0	0	852	44	516	0	20	292	0	68	4	28
1	65	9551	1568	1472	240	0	0	0	0	96	0	52	0	0	36	0	8	0	0
1	65	9751	10512	9448	1932	424	180	0	0	504	124	356	8	32	152	0	80	0	16
1	70	11	7644	5220	1636	156	48	0	0	232	48	24	0	72	40	20	124	8	4
1	70	111	3212	2252	384	4	0	0	0	160	0	0	0	24	28	12	96	0	0
1	70	11161	4968	3916	552	100	12	0	0	260	36	48	0	44	96	12	96	0	12
1	70	11262	3304	2588	352	116	12	0	0	152	16	16	4	28	48	0	72	12	20
1	70	11263	3152	2560	256	0	0	0	0	192	0	8	0	44	96	4	40	0	0
1	70	1171	3068	2028	676	0	0	0	0	112	0	16	0	28	20	0	48	0	0
1	70	121	4672	3128	1172	0	0	0	0	168	0	12	0	4	32	0	120	0	0
1	70	122	4868	3336	1316	0	0	0	0	176	0	4	0	24	40	8	100	0	0
1	70	1272	6204	4980	1248	8	4	0	0	312	0	20	4	16	148	12	112	0	0
1	70	141	2028	1148	512	0	0	0	0	60	0	4	4	8	4	12	28	0	0
1	70	151	4632	2232	1024	0	0	0	0	108	0	0	4	20	8	4	72	0	0
1	70	161	3376	1904	804	0	0	0	0	100	0	0	0	24	0	4	72	0	0
1	70	171	3544	2772	980	0	0	0	0	160	0	8	0	4	16	0	132	0	0
1	70	21	1560	1136	284	0	0	0	0	68	0	4	0	12	16	0	36	0	0
1	70	22	1752	1488	504	0	0	0	0	84	0	12	4	12	0	0	56	0	0
1	70	2371	11772	10444	2368	144	48	0	0	532	48	256	0	32	236	8	48	0	20
1	70	2471	14796	13932	2208	1516	280	0	0	552	140	336	0	36	284	0	36	36	292
1	70	2571	24056	22484	5432	396	124	0	0	1104	160	728	4	72	308	4	148	20	100
1	70	2651	1628	1540	280	4	0	0	0	0	0	0	0	0	0	0	0	0	0
1	70	2661	3880	3712	840	0	0	0	0	204	0	124	0	4	20	0	56	0	0
1	70	2662	2120	2012	148	220	12	0	0	100	24	84	0	4	20	0	16	16	60
1	70	2663	1420	1388	124	0	0	0	0	64	0	24	0	4	4	0	32	0	0
1	70	2664	3740	3520	1052	0	0	0	0	192	0	116	0	0	12	0	64	0	0
1	70	2665	2960	2792	700	0	0	0	0	132	0	84	0	4	24	0	20	0	0
1	70	2666	1896	1832	360	0	0	0	0	8	0	4	0	0	0	0	4	0	0
1	70	2751	9700	9272	2384	12	8	0	0	576	8	320	0	40	200	0	24	0	0
1	70	3153	1144	1024	104	80	4	0	0	52	8	4	0	0	40	4	12	0	4
1	70	3171	2248	1536	224	0	0	0	0	108	0	24	0	8	32	4	40	0	0
1	70	3351	3008	2440	348	0	0	0	0	148	0	40	8	8	64	4	24	0	0
1	70	3451	136	80	40	0	0	0	0	4	0	0	0	0	4	0	0	0	0
1	70	3551	1116	788	308	0	0	0	0	52	0	8	0	8	12	0	24	0	0
1	70	41	2252	1296	564	0	0	0	0	68	0	0	0	12	16	0	40	0	0
1	70	4151	4448	2632	452	0	0	0	0	188	0	4	4	20	32	24	104	0	0
1	70	4251	8416	6576	1628	100	8	0	0	364	4	100	0	44	92	4	124	0	20
1	70	4351	9180	8272	1888	588	128	0	0	224	56	88	0	40	52	0	100	56	152
1	70	4352	5920	4468	992	320	12	0	0	172	12	12	4	32	20	0	116	0	20
1	70	51	7244	4372	1740	36	20	0	0	208	24	0	0	24	64	8	136	0	0
1	70	5151	368	204	52	0	0	0	0	12	0	0	0	0	4	8	0	0	0
1	70	6151	548	216	72	0	0	0	0	16	0	0	0	12	0	4	0	0	0
1	70	6271	4304	2576	364	0	0	0	0	176	0	0	8	24	24	24	96	0	0
1	70	6452	1300	456	156	0	0	0	0	32	0	0	0	4	0	8	20	0	0
1	70	6471	9564	5824	1640	28	12	0	0	164	12	12	8	16	40	4	96	0	4
1	70	71	5116	2716	964	36	16	0	0	160	0	0	0	24	12	24	100	0	0
1	70	7151	2324	1104	424	0	0	0	0	48	0	0	0	8	4	4	32	0	0
1	70	7152	4744	2924	788	40	12	0	0	60	8	0	0	4	4	0	60	0	0
1	70	7251	1164	404	144	8	4	0	0	24	0	0	0	4	0	0	20	0	0
1	70	7351	3604	1748	568	0	0	0	0	72	0	0	0	8	12	12	40	0	0
1	70	7352	3188	2256	320	8	8	0	0	92	8	4	0	4	0	12	80	0	0
1	70	7451	7512	5216	1720	640	320	0	0	224	56	28	8	48	40	0	156	0	60
1	70	81	1060	816	272	0	0	0	0	44	0	0	0	12	4	0	28	0	0
1	70	8151	3016	1516	528	48	28	0	0	92	4	0	8	12	16	8	48	0	0
1	70	8152	5624	3752	1064	0	0	0	0	212	0	8	4	24	28	4	144	0	0
1	70	82	4592	4320	1172	8	4	0	0	224	4	36	0	40	36	4	108	0	0
1	70	8251	4600	4032	832	0	0	0	0	156	0	16	0	20	28	0	92	0	0
1	70	8351	8772	7184	1700	300	76	0	0	328	80	100	4	56	56	0	192	4	44
1	70	8451	6152	5608	1392	352	80	0	0	148	36	44	0	24	48	0	68	88	92
1	70	8462	2108	1980	480	0	0	0	0	52	0	12	0	0	12	0	28	0	0
1	70	8551	6340	6076	1340	44	0	0	0	40	0	20	0	0	0	0	20	12	32
1	70	8562	404	400	144	0	0	0	0	20	0	16	0	0	0	0	4	0	0
1	70	8651	3332	3116	896	0	0	0	0	148	0	24	0	28	28	0	68	0	0
1	70	8652	2692	2540	652	36	24	0	0	100	24	36	0	12	24	0	52	0	4
1	70	8663	1840	1752	360	0	0	0	0	84	0	80	0	0	0	0	4	0	0
1	70	8664	1764	1680	388	0	0	0	0	32	0	16	0	0	8	0	8	0	0
1	70	8665	2340	2224	544	184	92	0	0	80	20	68	0	4	12	0	16	4	24
1	70	8666	3304	3140	812	812	236	0	0	140	36	108	0	8	8	0	52	0	64
1	70	8751	3780	3564	820	344	64	0	0	72	16	28	0	8	8	0	44	60	72
1	70	8762	3296	3172	712	56	0	0	0	60	0	32	0	4	8	0	16	0	40
1	70	8763	3064	2884	808	700	104	0	0	132	32	72	0	16	12	0	64	0	84
1	70	8764	3816	3616	888	628	48	0	0	104	28	88	0	12	8	0	24	0	276
1	70	91	2412	2236	364	0	0	0	0	132	0	40	0	12	56	4	20	0	0
1	70	9351	15292	14404	2156	948	160	0	0	580	144	392	0	44	200	0	88	12	92
1	70	9352	7428	7132	1444	64	16	0	0	240	36	208	0	0	44	0	24	4	12
1	70	9471	14744	13964	2056	20	4	0	0	896	8	580	0	24	248	0	52	0	0
1	70	9551	1568	1476	192	0	0	0	0	96	0	52	0	0	40	0	4	0	0
1	70	9751	10512	9492	2004	228	8	0	0	488	120	272	0	68	176	0	92	0	8
1	75	11	7644	5252	1616	140	40	0	0	240	36	8	0	80	24	16	148	0	0
1	75	111	3212	2188	336	12	0	0	0	148	8	0	4	8	40	16	88	0	4
1	75	11161	4968	3808	492	4	0	0	0	280	0	44	0	68	120	0	48	0	0
1	75	11262	3304	2548	292	64	8	0	0	88	12	8	0	16	32	8	36	4	20
1	75	11263	3152	2468	184	0	0	0	0	184	0	16	0	40	100	4	24	0	0
1	75	1171	3068	2000	644	84	12	0	0	92	20	12	0	20	16	16	48	0	4
1	75	121	4672	3072	1116	0	0	0	0	168	0	4	0	16	36	8	104	0	0
1	75	122	4868	3292	1264	0	0	0	0	176	0	20	0	24	40	4	88	0	0
1	75	1272	6204	4864	1180	44	28	0	0	288	24	36	0	52	132	4	88	0	0
1	75	141	2028	1136	524	0	0	0	0	60	0	0	0	12	0	4	44	0	0
1	75	151	4632	2208	1000	44	32	0	0	96	8	0	8	20	16	4	56	0	0
1	75	161	3376	1936	840	64	36	0	0	80	20	0	0	4	0	4	92	0	0
1	75	171	3544	2656	912	20	8	0	0	144	8	0	0	20	12	0	120	0	0
1	75	21	1560	1120	316	0	0	0	0	68	0	8	0	16	16	4	24	0	0
1	75	22	1752	1500	520	0	0	0	0	84	0	16	0	20	16	0	32	0	0
1	75	2371	11772	10424	2404	168	88	0	0	476	108	184	4	52	272	0	72	0	8
1	75	2471	14796	13904	1768	848	144	0	0	0	0	0	0	0	0	0	0	16	184
1	75	2571	24056	22316	5040	592	116	0	0	1180	144	688	4	252	232	0	148	12	168
1	75	2651	1628	1528	316	36	24	0	0	4	0	0	0	0	4	0	0	0	4
1	75	2661	3880	3656	896	824	260	0	0	168	40	108	0	0	8	0	92	12	132
1	75	2662	2120	2020	176	244	32	0	0	88	24	60	0	12	28	0	12	16	40
1	75	2663	1420	1344	104	20	0	0	0	60	0	12	0	16	8	0	24	4	4
1	75	2664	3740	3548	1000	452	192	0	0	156	40	116	0	20	16	0	44	0	16
1	75	2665	2960	2792	808	260	168	0	0	116	28	68	0	8	12	0	56	0	44
1	75	2666	1896	1788	368	0	0	0	0	16	0	8	0	0	0	0	8	0	0
1	75	2751	9700	9160	2284	68	8	0	0	572	8	344	0	56	108	0	72	12	24
1	75	3153	1144	968	76	0	0	0	0	60	0	16	0	0	36	0	8	0	0
1	75	3171	2248	1516	164	0	0	0	0	104	0	12	0	28	28	0	36	0	0
1	75	3351	3008	2416	320	56	12	0	0	124	24	20	4	24	52	0	48	0	4
1	75	3451	136	92	48	0	0	0	0	4	0	0	0	0	0	0	4	0	0
1	75	3551	1116	764	252	0	0	0	0	48	0	4	0	8	16	0	20	0	0
1	75	41	2252	1272	540	4	0	0	0	64	0	0	0	4	4	4	52	0	0
1	75	4151	4448	2644	404	0	0	0	0	188	0	0	0	24	8	32	124	0	0
1	75	4251	8416	6636	1504	260	64	0	0	260	68	100	0	44	32	4	148	8	52
1	75	4351	9180	8216	1804	232	88	0	0	120	28	60	0	28	8	0	52	0	20
1	75	4352	5920	4460	980	36	4	0	0	188	4	24	0	28	20	8	108	0	4
1	75	51	7244	4284	1700	32	12	0	0	228	0	4	0	36	48	12	128	0	0
1	75	5151	368	196	52	0	0	0	0	12	0	0	0	4	4	4	0	0	0
1	75	6151	548	220	68	0	0	0	0	16	0	0	0	4	4	0	8	0	0
1	75	6271	4304	2572	360	0	0	0	0	180	0	4	8	32	32	24	80	0	0
1	75	6452	1300	456	160	0	0	0	0	32	0	4	4	12	8	0	4	0	0
1	75	6471	9564	5964	1712	4	4	0	0	292	0	28	4	40	40	12	168	0	0
1	75	71	5116	2696	932	0	0	0	0	156	0	4	0	16	12	20	104	0	0
1	75	7151	2324	1088	408	0	0	0	0	52	0	0	0	4	4	4	40	0	0
1	75	7152	4744	2956	820	60	0	0	0	92	0	0	0	8	16	4	64	0	12
1	75	7251	1164	412	144	0	0	0	0	24	0	0	0	8	0	8	8	0	0
1	75	7351	3604	1756	556	4	4	0	0	72	0	0	0	20	4	0	48	0	0
1	75	7352	3188	2272	288	248	52	0	0	88	24	8	0	24	12	8	60	0	68
1	75	7451	7512	5296	1488	8	0	0	0	132	0	4	4	12	8	4	100	0	0
1	75	81	1060	800	236	4	0	0	0	36	0	0	0	4	16	0	16	0	0
1	75	8151	3016	1488	520	0	0	0	0	92	0	0	0	16	4	8	64	0	0
1	75	8152	5624	3700	1092	28	16	0	0	208	8	8	4	36	16	12	140	0	0
1	75	82	4592	4300	1280	100	12	0	0	224	8	40	0	48	16	4	124	0	20
1	75	8251	4600	3904	904	80	8	0	0	172	12	28	0	40	36	4	76	32	24
1	75	8351	8772	7072	1748	0	0	0	0	416	0	112	4	68	36	4	192	0	0
1	75	8451	6152	5580	1308	4	4	0	0	88	4	48	0	8	8	0	24	0	0
1	75	8462	2108	1944	456	0	0	0	0	36	0	12	0	4	8	0	12	0	0
1	75	8551	6340	6064	1412	152	4	0	0	92	24	48	0	24	4	0	40	0	84
1	75	8562	404	384	128	0	0	0	0	12	0	8	0	4	0	0	0	0	0
1	75	8651	3332	3088	844	424	168	0	0	116	28	32	0	12	40	0	60	0	36
1	75	8652	2692	2528	648	472	240	0	0	96	24	40	0	32	0	0	48	12	40
1	75	8663	1840	1732	372	0	0	0	0	88	0	72	0	16	0	0	0	0	0
1	75	8664	1764	1704	396	0	0	0	0	40	0	32	0	0	0	0	8	0	0
1	75	8665	2340	2260	488	0	0	0	0	44	0	32	0	4	4	0	4	0	0
1	75	8666	3304	3132	872	0	0	0	0	124	0	84	0	12	8	0	20	0	0
1	75	8751	3780	3632	792	160	60	0	0	36	8	20	0	12	4	0	8	0	28
1	75	8762	3296	3128	676	0	0	0	0	32	0	24	0	0	4	0	4	0	0
1	75	8763	3064	2928	648	84	64	0	0	32	8	12	0	4	0	0	24	0	0
1	75	8764	3816	3628	868	308	120	0	0	88	24	60	0	12	12	0	28	0	32
1	75	91	2412	2212	316	0	0	0	0	104	0	16	0	36	36	0	16	0	0
1	75	9351	15292	14432	1932	936	140	0	0	392	100	240	0	88	100	0	64	12	144
1	75	9352	7428	7060	1456	0	0	0	0	292	0	216	0	0	60	0	16	0	0
1	75	9471	14744	14004	1604	384	60	0	0	820	92	472	0	80	268	0	92	4	84
1	75	9551	1568	1496	228	0	0	0	0	100	0	52	0	4	44	0	0	0	0
1	75	9751	10512	9400	1924	100	4	0	0	568	32	288	0	84	152	0	76	4	8
1	80	11	7644	5348	1676	164	64	0	0	236	60	32	0	24	60	24	156	0	4
1	80	111	3212	2124	340	8	4	0	0	144	8	4	0	28	28	4	88	0	0
1	80	11161	4968	3760	456	52	4	0	0	252	28	20	0	92	56	12	100	0	12
1	80	11262	3304	2616	348	0	0	0	0	148	0	12	0	40	32	4	60	0	0
1	80	11263	3152	2392	152	20	0	0	0	152	0	12	0	40	40	12	48	0	4
1	80	1171	3068	2000	648	32	24	0	0	100	8	12	0	8	24	4	60	0	0
1	80	121	4672	3020	1076	0	0	0	0	160	0	0	0	20	28	16	96	0	0
1	80	122	4868	3288	1244	0	0	0	0	176	0	8	4	12	56	12	84	0	0
1	80	1272	6204	4832	1132	60	20	0	0	292	16	44	0	52	104	8	100	0	0
1	80	141	2028	1148	524	0	0	0	0	60	0	0	0	8	4	4	44	0	0
1	80	151	4632	2324	1088	12	12	0	0	112	0	0	0	8	12	4	88	0	0
1	80	161	3376	1880	796	4	0	0	0	92	0	4	0	8	0	4	76	0	0
1	80	171	3544	2648	896	0	0	0	0	148	0	0	0	16	16	4	112	0	0
1	80	21	1560	1152	304	0	0	0	0	72	0	20	4	8	8	0	32	0	0
1	80	22	1752	1488	496	4	4	0	0	84	0	24	0	8	4	0	48	0	0
1	80	2371	11772	10216	2280	0	0	0	0	572	0	164	0	76	248	0	84	0	0
1	80	2471	14796	13940	2264	44	8	0	0	644	12	328	0	56	200	0	72	0	4
1	80	2571	24056	22328	4936	60	20	0	0	1388	24	628	4	252	272	0	256	0	12
1	80	2651	1628	1552	336	340	52	0	0	16	4	0	0	8	8	0	4	0	16
1	80	2661	3880	3672	720	188	24	0	0	88	20	44	0	0	4	0	60	108	84
1	80	2662	2120	2016	224	8	0	0	0	72	0	44	0	8	4	0	16	12	0
1	80	2663	1420	1360	116	0	0	0	0	60	0	32	0	16	4	0	8	0	0
1	80	2664	3740	3528	804	164	16	0	0	140	24	72	0	16	36	0	40	8	44
1	80	2665	2960	2820	752	404	48	0	0	96	24	44	0	16	24	0	36	8	184
1	80	2666	1896	1836	468	68	28	0	0	56	16	48	0	4	8	0	12	0	8
1	80	2751	9700	9188	2384	0	0	0	0	588	0	312	0	84	120	0	72	0	0
1	80	3153	1144	968	60	0	0	0	0	52	0	12	0	4	24	4	8	0	0
1	80	3171	2248	1460	124	0	0	0	0	100	0	16	0	16	36	4	28	0	0
1	80	3351	3008	2404	296	192	44	0	0	104	24	44	0	20	16	0	48	12	20
1	80	3451	136	76	36	0	0	0	0	4	0	0	0	0	0	0	4	0	0
1	80	3551	1116	764	276	8	0	0	0	48	0	8	0	4	4	0	32	0	0
1	80	41	2252	1244	488	0	0	0	0	64	0	0	0	8	16	8	32	0	0
1	80	4151	4448	2588	444	0	0	0	0	188	0	0	8	40	28	28	84	0	0
1	80	4251	8416	6652	1480	0	0	0	0	300	0	68	4	40	48	8	132	0	0
1	80	4351	9180	8140	1856	128	44	0	0	160	40	72	0	20	20	0	88	4	8
1	80	4352	5920	4488	980	0	0	0	0	200	0	16	8	28	20	0	128	0	0
1	80	51	7244	4264	1692	24	12	0	0	216	12	8	0	28	40	8	144	0	0
1	80	5151	368	216	64	0	0	0	0	16	0	0	0	4	0	4	8	0	0
1	80	6151	548	220	72	0	0	0	0	16	0	0	0	8	0	4	4	0	0
1	80	6271	4304	2508	352	0	0	0	0	180	0	4	4	28	40	12	92	0	0
1	80	6452	1300	456	156	0	0	0	0	28	0	0	0	12	8	4	4	0	0
1	80	6471	9564	5840	1712	104	40	0	0	280	8	28	4	52	56	28	120	0	0
1	80	71	5116	2660	924	24	12	0	0	152	4	0	0	12	20	8	112	0	0
1	80	7151	2324	1088	456	0	0	0	0	52	0	0	0	0	8	0	44	0	0
1	80	7152	4744	2904	800	0	0	0	0	72	0	4	0	8	12	0	48	0	0
1	80	7251	1164	404	148	0	0	0	0	24	0	0	0	8	0	4	12	0	0
1	80	7351	3604	1744	572	0	0	0	0	72	0	0	4	12	12	12	32	0	0
1	80	7352	3188	2332	328	0	0	0	0	112	0	8	4	8	4	12	76	0	0
1	80	7451	7512	5180	1656	52	32	0	0	204	28	12	0	36	40	8	136	0	4
1	80	81	1060	776	248	4	0	0	0	40	0	0	0	4	4	4	28	0	0
1	80	8151	3016	1520	560	36	20	0	0	80	16	0	0	16	4	12	64	0	0
1	80	8152	5624	3724	1072	36	0	0	0	220	0	0	0	28	24	8	160	0	0
1	80	82	4592	4308	1492	0	0	0	0	224	0	92	0	48	20	0	64	0	0
1	80	8251	4600	3996	964	0	0	0	0	208	0	24	0	28	16	0	140	0	0
1	80	8351	8772	7004	1732	0	0	0	0	416	0	96	0	92	24	8	196	0	0
1	80	8451	6152	5572	1384	732	96	0	0	136	32	60	0	20	16	0	72	8	184
1	80	8462	2108	1912	452	548	92	0	0	32	8	12	0	4	4	0	20	4	68
1	80	8551	6340	5992	1440	580	104	0	0	132	36	56	0	12	16	0	84	56	364
1	80	8562	404	388	132	64	36	0	0	16	4	20	0	0	0	0	0	0	4
1	80	8651	3332	3168	912	48	28	0	0	88	20	48	0	12	12	0	36	0	4
1	80	8652	2692	2548	428	0	0	0	0	0	0	0	0	0	0	0	0	0	0
1	80	8663	1840	1740	356	12	8	0	0	84	4	60	0	16	0	0	8	0	0
1	80	8664	1764	1676	440	200	40	0	0	68	16	52	0	16	4	0	12	0	60
1	80	8665	2340	2224	548	0	0	0	0	104	0	68	0	16	12	0	8	0	0
1	80	8666	3304	3092	820	192	40	0	0	96	24	84	0	4	4	0	28	0	80
1	80	8751	3780	3584	1004	264	36	0	0	136	32	64	0	32	4	0	68	16	104
1	80	8762	3296	3120	692	104	20	0	0	36	12	16	0	4	4	0	24	0	28
1	80	8763	3064	2912	836	0	0	0	0	112	0	44	0	12	16	0	40	0	0
1	80	8764	3816	3628	868	436	184	0	0	76	20	52	0	12	12	0	20	4	68
1	80	91	2412	2248	332	0	0	0	0	120	0	24	0	24	36	0	36	0	0
1	80	9351	15292	14448	2312	304	32	0	0	616	76	376	0	116	128	0	72	16	84
1	80	9352	7428	7024	1428	712	148	0	0	248	60	216	0	12	60	0	20	72	200
1	80	9471	14744	13912	1156	528	36	0	0	712	180	484	0	160	212	0	36	0	88
1	80	9551	1568	1484	168	0	0	0	0	100	0	32	0	28	40	0	0	0	0
1	80	9751	10512	9396	2124	68	28	0	0	572	32	268	4	92	140	4	96	4	4
1	85	11	7644	5268	1676	88	40	0	0	252	32	16	0	36	56	4	172	0	4
1	85	111	3212	2096	276	20	0	0	0	136	20	0	0	36	32	0	88	0	0
1	85	11161	4968	3704	376	72	8	0	0	248	28	20	12	44	76	20	104	4	8
1	85	11262	3304	2516	324	0	0	0	0	140	0	8	0	32	28	0	72	0	0
1	85	11263	3152	2420	124	0	0	0	0	124	0	0	0	40	16	12	56	0	0
1	85	1171	3068	1988	604	20	4	0	0	100	8	8	0	16	20	4	60	0	0
1	85	121	4672	2992	1100	28	8	0	0	156	4	4	0	32	20	8	92	0	4
1	85	122	4868	3264	1264	0	0	0	0	172	0	4	0	16	52	0	100	0	0
1	85	1272	6204	4944	1148	68	8	0	0	276	40	36	0	28	88	24	140	0	8
1	85	141	2028	1112	476	12	0	0	0	56	0	0	0	8	0	0	48	0	0
1	85	151	4632	2260	1032	0	0	0	0	108	0	4	0	8	12	12	72	0	0
1	85	161	3376	1904	832	68	48	0	0	76	20	0	0	16	4	8	68	0	0
1	85	171	3544	2584	892	0	0	0	0	144	0	0	0	28	16	4	96	0	0
1	85	21	1560	1160	312	0	0	0	0	76	0	0	0	24	24	4	24	0	0
1	85	22	1752	1512	508	0	0	0	0	88	0	16	0	20	8	0	44	0	0
1	85	2371	11772	10084	2092	36	4	0	0	532	4	160	0	80	184	16	92	0	0
1	85	2471	14796	13880	2168	136	80	0	0	608	80	324	0	96	168	0	100	52	0
1	85	2571	24056	22356	4892	1040	248	0	0	1208	304	660	0	308	272	4	268	32	204
1	85	2651	1628	1564	292	0	0	0	0	0	0	0	0	0	0	0	0	0	0
1	85	2661	3880	3720	684	0	0	0	0	104	0	40	0	4	8	0	52	0	0
1	85	2662	2120	2040	196	0	0	0	0	72	0	28	0	16	8	0	20	0	0
1	85	2663	1420	1360	104	16	4	0	0	56	8	24	0	8	4	0	28	0	0
1	85	2664	3740	3536	776	12	0	0	0	160	0	92	0	32	28	0	8	0	0
1	85	2665	2960	2852	776	0	0	0	0	104	0	52	0	4	12	0	36	0	0
1	85	2666	1896	1836	440	0	0	0	0	72	0	32	0	4	4	0	32	0	0
1	85	2751	9700	9204	2756	1248	528	0	0	480	120	292	0	84	120	0	104	0	84
1	85	3153	1144	956	56	0	0	0	0	56	0	4	0	16	24	4	8	0	0
1	85	3171	2248	1480	148	0	0	0	0	104	0	8	8	36	20	12	20	0	0
1	85	3351	3008	2376	252	28	0	0	0	36	4	4	0	4	20	0	8	8	12
1	85	3451	136	80	40	0	0	0	0	4	0	0	0	0	0	0	4	0	0
1	85	3551	1116	740	248	0	0	0	0	44	0	0	0	4	20	0	20	0	0
1	85	41	2252	1208	484	0	0	0	0	60	0	0	0	8	4	8	40	0	0
1	85	4151	4448	2540	376	24	8	0	0	180	4	4	0	28	40	16	92	0	0
1	85	4251	8416	6580	1580	364	84	0	0	308	76	104	8	44	68	4	156	0	56
1	85	4351	9184	8272	1956	628	140	0	0	248	60	76	0	52	44	4	132	0	132
1	85	4352	5920	4476	1056	0	0	0	0	212	0	4	0	36	28	16	128	0	0
1	85	51	7244	4192	1676	0	0	0	0	220	0	0	0	36	36	20	128	0	0
1	85	5151	368	188	52	0	0	0	0	12	0	0	0	0	4	0	8	0	0
1	85	6151	548	244	76	0	0	0	0	16	0	0	0	0	4	12	0	0	0
1	85	6271	4304	2468	292	0	0	0	0	176	0	4	0	44	16	12	100	0	0
1	85	6452	1300	476	180	4	0	0	0	32	0	0	0	8	0	8	16	0	0
1	85	6471	9564	5864	1724	116	24	0	0	232	60	40	8	52	40	20	132	0	0
1	85	71	5116	2624	892	0	0	0	0	156	0	0	0	28	24	24	80	0	0
1	85	7151	2324	1032	368	0	0	0	0	44	0	0	0	4	0	0	40	0	0
1	85	7152	4744	2912	832	36	8	0	0	108	0	4	0	4	16	8	76	0	0
1	85	7251	1164	440	164	0	0	0	0	28	0	0	4	12	0	8	4	0	0
1	85	7351	3604	1756	568	0	0	0	0	76	0	0	0	20	4	16	36	0	0
1	85	7352	3188	2276	288	0	0	0	0	112	0	8	4	16	4	12	68	0	0
1	85	7451	7512	5192	1652	48	24	0	0	224	16	20	4	32	40	8	136	0	0
1	85	81	1060	792	236	404	128	0	0	28	8	0	0	0	0	0	36	0	16
1	85	8151	3016	1480	560	20	4	0	0	92	0	0	0	12	4	16	60	0	0
1	85	8152	5624	3732	1072	24	8	0	0	220	4	4	4	16	28	12	156	0	4
1	85	82	4592	4288	1424	76	16	0	0	204	20	72	0	48	20	0	84	0	0
1	85	8251	4600	3912	908	276	96	0	0	168	40	48	0	44	32	0	84	0	8
1	85	8351	8772	6896	1720	248	48	0	0	364	44	64	0	84	44	8	208	0	28
1	85	8451	6152	5580	1388	472	52	0	0	136	32	68	4	16	16	0	64	8	112
1	85	8462	2108	1968	364	484	28	0	0	0	0	0	0	0	0	0	0	52	204
1	85	8551	6340	6112	1504	156	72	0	0	164	40	92	0	20	20	0	72	0	52
1	85	8562	404	400	156	12	8	0	0	20	4	20	0	4	0	0	0	4	0
1	85	8651	3332	3120	856	0	0	0	0	100	0	24	0	16	4	0	56	0	0
1	85	8652	2692	2512	980	4	0	0	0	100	0	40	0	8	12	0	40	0	4
1	85	8663	1840	1732	336	400	44	0	0	52	16	36	0	24	4	0	4	0	188
1	85	8664	1764	1696	412	108	40	0	0	44	12	24	0	8	0	0	24	0	16
1	85	8665	2340	2240	560	0	0	0	0	116	0	44	0	32	12	0	28	0	0
1	85	8666	3304	3112	896	120	40	0	0	96	24	64	0	16	16	0	24	0	12
1	85	8751	3780	3604	992	132	16	0	0	144	16	64	0	16	24	0	56	0	48
1	85	8762	3296	3108	692	708	120	0	0	36	12	32	0	0	4	0	12	0	164
1	85	8763	3064	2936	824	164	144	0	0	92	24	44	0	16	4	0	52	0	4
1	85	8764	3816	3620	728	48	40	0	0	0	0	0	0	0	0	0	0	0	0
1	85	91	2412	2224	344	12	0	0	0	132	0	16	0	40	32	0	44	0	12
1	85	9351	15292	14508	2208	56	8	0	0	624	8	264	4	136	104	0	124	12	12
1	85	9352	7428	7100	2072	944	252	0	0	268	68	260	0	8	36	0	32	16	288
1	85	9471	14744	13996	1100	380	28	0	0	812	72	472	0	128	176	0	108	0	84
1	85	9551	1568	1480	172	36	4	0	0	92	8	40	0	24	16	0	20	0	4
1	85	9751	10512	9380	1872	28	4	0	0	588	16	260	0	92	132	0	120	0	0
1	90	11	7644	5136	1652	28	12	0	0	256	12	12	0	56	40	16	144	0	0
1	90	111	3212	2032	332	0	0	0	0	152	0	4	0	36	24	12	76	0	0
1	90	11161	4968	3612	324	0	0	0	0	268	0	8	0	92	48	8	112	0	0
1	90	11262	3304	2464	312	0	0	0	0	128	0	8	0	24	20	4	72	0	0
1	90	11263	3152	2308	144	8	0	0	0	144	0	0	0	60	16	12	56	0	4
1	90	1171	3068	1948	644	60	28	0	0	84	20	16	0	20	20	12	36	0	8
1	90	121	4672	2936	1092	0	0	0	0	156	0	4	0	28	28	4	92	0	0
1	90	122	4868	3208	1208	24	12	0	0	152	16	8	0	8	36	0	116	0	0
1	90	1272	6204	4752	1156	0	0	0	0	300	0	48	0	64	84	16	88	0	0
1	90	141	2028	1116	500	24	12	0	0	44	12	0	0	8	4	4	40	0	0
1	90	151	4632	2268	1048	0	0	0	0	112	0	0	0	16	8	16	72	0	0
1	90	161	3376	1872	744	0	0	0	0	96	0	0	0	4	0	8	84	0	0
1	90	171	3544	2652	920	0	0	0	0	152	0	0	0	4	8	12	128	0	0
1	90	21	1560	1108	264	4	4	0	0	60	4	4	0	16	8	0	32	0	0
1	90	22	1752	1448	456	0	0	0	0	84	0	8	0	20	8	0	48	0	0
1	90	2371	11772	10004	2124	28	8	0	0	580	12	196	0	108	160	12	116	0	0
1	90	2471	14796	13908	2208	164	24	0	0	700	28	332	0	88	184	0	124	4	40
1	90	2571	24056	22428	4536	696	100	0	0	1148	288	536	0	368	248	0	284	20	96
1	90	2651	1628	1540	300	0	0	0	0	0	0	0	0	0	0	0	0	0	0
1	90	2661	3880	3696	664	0	0	0	0	92	0	48	0	8	8	0	28	0	0
1	90	2662	2120	2040	176	0	0	0	0	88	0	44	0	20	8	0	16	0	0
1	90	2663	1420	1340	104	0	0	0	0	60	0	8	0	16	4	0	32	0	0
1	90	2664	3740	3592	736	76	32	0	0	132	32	56	0	36	20	0	52	0	16
1	90	2665	2960	2804	732	168	96	0	0	84	20	48	0	12	4	0	40	4	36
1	90	2666	1896	1808	488	0	0	0	0	68	0	40	0	4	8	0	16	0	0
1	90	2751	9700	9292	2220	1164	264	0	0	412	104	272	0	108	92	0	44	36	140
1	90	3153	1144	948	28	0	0	0	0	28	0	0	0	12	8	4	4	0	0
1	90	3171	2248	1468	124	4	4	0	0	104	0	8	4	12	24	16	40	0	0
1	90	3351	3008	2380	316	76	16	0	0	88	16	4	0	24	48	0	28	0	0
1	90	3451	136	76	32	0	0	0	0	4	0	0	0	0	4	0	0	0	0
1	90	3551	1116	736	244	0	0	0	0	44	0	16	0	4	0	0	24	0	0
1	90	41	2252	1248	508	148	96	0	0	52	12	0	0	8	16	12	28	0	0
1	90	4151	4448	2516	368	172	72	0	0	164	20	0	0	40	24	16	104	0	4
1	90	4251	8416	6528	1520	592	184	0	0	260	68	36	4	80	52	0	156	0	48
1	90	4351	9184	8084	1972	388	84	0	0	252	64	84	4	40	40	0	148	48	60
1	90	4352	5920	4412	944	120	4	0	0	176	4	12	0	20	16	12	116	0	12
1	90	51	7244	4168	1620	0	0	0	0	216	0	0	0	32	28	12	144	0	0
1	90	5151	368	208	72	0	0	0	0	12	0	0	0	0	4	4	4	0	0
1	90	6151	548	232	76	0	0	0	0	16	0	0	0	8	8	0	0	0	0
1	90	6271	4304	2420	328	0	0	0	0	176	0	0	0	36	28	28	84	0	0
1	90	6452	1300	488	176	0	0	0	0	32	0	0	0	0	0	8	24	0	0
1	90	6471	9564	5784	1968	44	16	0	0	280	12	48	8	36	28	32	140	0	4
1	90	71	5116	2556	876	48	32	0	0	136	16	0	0	40	16	20	76	0	0
1	90	7151	2324	1060	408	4	4	0	0	52	0	0	0	8	0	12	32	0	0
1	90	7152	4744	2928	820	748	212	0	0	64	16	0	0	16	4	8	52	0	4
1	90	7251	1164	412	144	0	0	0	0	24	0	0	0	8	0	4	12	0	0
1	90	7351	3604	1748	560	16	12	0	0	76	4	0	0	4	4	8	60	0	0
1	90	7352	3188	2272	260	356	44	0	0	100	28	8	0	4	28	4	84	8	64
1	90	7451	7512	5188	1688	80	12	0	0	220	32	40	8	28	24	12	140	0	4
1	90	81	1060	792	152	0	0	0	0	0	0	0	0	0	0	0	0	0	0
1	90	8151	3016	1500	536	0	0	0	0	92	0	0	4	16	12	4	56	0	0
1	90	8152	5624	3628	1028	0	0	0	0	216	0	0	4	28	24	0	160	0	0
1	90	82	4592	4252	1324	208	52	0	0	176	44	32	0	48	8	0	132	0	24
1	90	8251	4600	3904	856	28	4	0	0	180	0	8	0	40	12	4	116	0	4
1	90	8351	8772	6800	1696	308	64	0	0	316	80	68	0	68	40	12	208	0	8
1	90	8451	6152	5592	1432	220	96	0	0	172	44	72	0	40	20	0	84	0	32
1	90	8462	2108	1920	372	28	20	0	0	0	0	0	0	0	0	0	0	0	0
1	90	8551	6340	6000	1380	0	0	0	0	136	0	44	0	24	4	0	64	0	0
1	90	8562	404	376	124	0	0	0	0	24	0	12	0	4	0	0	8	0	0
1	90	8651	3332	3160	840	180	76	0	0	92	24	44	0	20	12	0	40	0	24
1	90	8652	2692	2544	928	56	0	0	0	100	0	40	0	16	4	0	40	0	16
1	90	8663	1840	1736	300	0	0	0	0	32	0	12	0	12	0	0	8	0	0
1	90	8664	1764	1664	396	0	0	0	0	40	0	16	0	16	0	0	8	0	0
1	90	8665	2340	2188	536	0	0	0	0	92	0	48	0	12	0	0	32	0	0
1	90	8666	3304	3148	852	0	0	0	0	112	0	68	0	4	4	0	36	0	0
1	90	8751	3780	3612	1172	0	0	0	0	160	0	72	0	12	8	0	68	0	0
1	90	8762	3296	3148	676	0	0	0	0	24	0	8	0	0	4	0	12	0	0
1	90	8763	3064	2912	932	0	0	0	0	100	0	44	0	16	8	0	32	0	0
1	90	8764	3816	3628	996	0	0	0	0	72	0	12	0	24	4	0	32	0	0
1	90	91	2412	2160	324	16	0	0	0	100	12	24	0	24	20	0	44	0	0
1	90	9351	15292	14412	2368	380	68	0	0	624	96	244	4	208	140	0	124	16	92
1	90	9352	7428	7028	1848	844	172	0	0	220	56	200	0	8	52	0	16	24	264
1	90	9471	14744	14056	940	124	8	0	0	804	16	320	0	248	148	0	104	20	16
1	90	9551	1568	1504	164	48	8	0	0	92	8	24	0	32	24	0	20	0	0
1	90	9751	10512	9128	1776	228	52	0	0	540	48	168	0	160	80	4	176	8	40
