run	time	zone	id.fire	target.area	burnt.area
1	5	ZA	1	1268	1268
1	5	ZA	2	1184	1184
1	5	ZA	3	148	148
1	5	ZA	4	96	96
1	5	ZA	5	144	144
1	5	ZA	6	120	120
1	5	ZA	7	104	104
1	5	ZA	8	84	84
1	5	ZA	9	124	124
1	5	ZA	10	40	40
1	5	ZA	11	184	184
1	5	ZA	12	112	112
1	5	ZA	13	28	28
1	5	ZB	14	64	64
1	5	ZB	15	0	4
1	5	ZB	16	120	120
1	5	ZB	17	104	104
1	5	ZB	18	176	176
1	5	ZB	19	156	156
1	5	ZB	20	8	8
1	5	ZB	21	112	112
1	5	ZB	22	1568	1568
1	5	ZB	23	64	64
1	5	ZB	24	68	68
1	5	ZB	25	88	88
1	5	ZB	26	68	68
1	5	ZB	27	176	176
1	5	ZD	28	8	8
1	5	ZD	29	4	4
1	5	ZD	30	24	24
1	5	ZD	31	32	32
1	5	ZD	32	4	4
1	5	ZC	33	384	384
1	5	ZC	34	128	128
1	5	ZC	35	144	144
1	5	ZC	36	96	96
1	5	ZC	37	60	60
1	5	ZC	38	88	88
1	5	ZC	39	32	32
1	5	ZC	40	80	80
1	5	ZC	41	96	96
1	5	ZC	42	16	16
1	5	ZC	43	40	40
1	5	ZC	44	80	80
1	5	ZC	45	168	168
1	5	ZC	46	200	200
1	5	ZC	47	136	136
1	10	ZA	1	1140	1140
1	10	ZA	2	116	116
1	10	ZA	3	48	48
1	10	ZA	4	60	60
1	10	ZA	5	108	108
1	10	ZA	6	44	44
1	10	ZA	7	112	112
1	10	ZA	8	256	256
1	10	ZA	9	1336	1336
1	10	ZA	10	212	212
1	10	ZA	11	1760	1760
1	10	ZA	12	292	292
1	10	ZA	13	176	176
1	10	ZC	14	184	184
1	10	ZC	15	44	44
1	10	ZC	16	76	76
1	10	ZC	17	176	176
1	10	ZC	18	72	72
1	10	ZC	19	72	72
1	10	ZC	20	136	136
1	10	ZC	21	88	88
1	10	ZC	22	12	12
1	10	ZC	23	20	20
1	10	ZC	24	16	16
1	10	ZC	25	72	72
1	10	ZC	26	56	56
1	10	ZC	27	60	60
1	10	ZC	28	20	20
1	10	ZD	29	0	4
1	10	ZD	30	92	92
1	10	ZD	31	28	28
1	10	ZD	32	12	12
1	10	ZD	33	80	4
1	10	ZB	34	20	20
1	10	ZB	35	792	792
1	10	ZB	36	52	52
1	10	ZB	37	116	116
1	10	ZB	38	72	72
1	10	ZB	39	76	76
1	10	ZB	40	1936	1936
1	10	ZB	41	808	808
1	10	ZB	42	1136	1136
1	10	ZB	43	1548	1548
1	10	ZB	44	132	132
1	10	ZB	45	48	48
1	10	ZB	46	1132	1132
1	10	ZB	47	160	160
1	15	ZB	1	48	48
1	15	ZB	2	1016	1016
1	15	ZB	3	172	172
1	15	ZB	4	1504	1504
1	15	ZB	5	116	116
1	15	ZB	6	960	12
1	15	ZB	7	60	60
1	15	ZB	8	112	112
1	15	ZB	9	56	56
1	15	ZB	10	1776	1776
1	15	ZB	11	976	272
1	15	ZB	12	280	280
1	15	ZB	13	112	112
1	15	ZB	14	84	84
1	15	ZD	15	44	44
1	15	ZD	16	12	12
1	15	ZD	17	16	16
1	15	ZD	18	16	16
1	15	ZD	19	4	4
1	15	ZC	20	184	184
1	15	ZC	21	100	100
1	15	ZC	22	4	4
1	15	ZC	23	40	40
1	15	ZC	24	20	20
1	15	ZC	25	16	16
1	15	ZC	26	24	24
1	15	ZC	27	64	64
1	15	ZC	28	124	124
1	15	ZC	29	84	84
1	15	ZC	30	36	36
1	15	ZC	31	108	108
1	15	ZC	32	116	116
1	15	ZC	33	172	172
1	15	ZC	34	84	84
1	15	ZA	35	368	368
1	15	ZA	36	96	96
1	15	ZA	37	40	40
1	15	ZA	38	36	36
1	15	ZA	39	1084	1084
1	15	ZA	40	32	32
1	15	ZA	41	224	224
1	15	ZA	42	16	16
1	15	ZA	43	204	204
1	15	ZA	44	280	280
1	15	ZA	45	36	36
1	15	ZA	46	80	80
1	15	ZA	47	184	184
1	15	ZA	48	60	60
1	20	ZD	1	8	8
1	20	ZD	2	12	12
1	20	ZD	3	8	8
1	20	ZD	4	44	44
1	20	ZD	5	48	48
1	20	ZC	6	96	96
1	20	ZC	7	116	116
1	20	ZC	8	68	68
1	20	ZC	9	128	128
1	20	ZC	10	80	80
1	20	ZC	11	12	12
1	20	ZC	12	64	64
1	20	ZC	13	100	100
1	20	ZC	14	28	28
1	20	ZC	15	56	56
1	20	ZC	16	104	104
1	20	ZC	17	76	76
1	20	ZC	18	0	4
1	20	ZC	19	52	52
1	20	ZC	20	140	140
1	20	ZA	21	1732	1732
1	20	ZA	22	44	44
1	20	ZA	23	64	64
1	20	ZA	24	1052	1052
1	20	ZA	25	92	92
1	20	ZA	26	384	384
1	20	ZA	27	168	168
1	20	ZA	28	1036	1036
1	20	ZA	29	36	36
1	20	ZA	30	1112	1112
1	20	ZA	31	568	568
1	20	ZA	32	156	156
1	20	ZA	33	76	76
1	20	ZA	34	52	52
1	20	ZB	35	940	940
1	20	ZB	36	448	448
1	20	ZB	37	1048	1048
1	20	ZB	38	80	80
1	20	ZB	39	156	156
1	20	ZB	40	420	420
1	20	ZB	41	56	56
1	20	ZB	42	100	100
1	20	ZB	43	220	220
1	20	ZB	44	28	28
1	20	ZB	45	776	776
1	20	ZB	46	124	124
1	20	ZB	47	12	12
1	20	ZB	48	64	64
1	25	ZB	1	68	68
1	25	ZB	2	196	196
1	25	ZB	3	444	444
1	25	ZB	4	172	172
1	25	ZB	5	40	40
1	25	ZB	6	40	40
1	25	ZB	7	60	60
1	25	ZB	8	168	168
1	25	ZB	9	60	60
1	25	ZB	10	176	176
1	25	ZB	11	176	176
1	25	ZB	12	144	144
1	25	ZB	13	60	60
1	25	ZB	14	96	96
1	25	ZA	15	228	228
1	25	ZA	16	548	548
1	25	ZA	17	1008	1008
1	25	ZA	18	232	12
1	25	ZA	19	112	112
1	25	ZA	20	136	136
1	25	ZA	21	68	68
1	25	ZA	22	64	64
1	25	ZA	23	60	60
1	25	ZA	24	56	56
1	25	ZA	25	92	92
1	25	ZA	26	1440	1440
1	25	ZA	27	168	168
1	25	ZA	28	468	468
1	25	ZC	29	160	160
1	25	ZC	30	4	4
1	25	ZC	31	92	92
1	25	ZC	32	84	84
1	25	ZC	33	128	128
1	25	ZC	34	220	220
1	25	ZC	35	76	76
1	25	ZC	36	20	20
1	25	ZC	37	444	444
1	25	ZC	38	52	52
1	25	ZC	39	212	212
1	25	ZC	40	4	4
1	25	ZC	41	92	92
1	25	ZC	42	36	36
1	25	ZC	43	36	36
1	25	ZC	44	340	340
1	25	ZD	45	8	8
1	25	ZD	46	28	28
1	25	ZD	47	36	36
1	25	ZD	48	0	4
1	25	ZD	49	16	4
1	25	ZD	50	12	12
1	30	ZB	1	4	4
1	30	ZB	2	172	172
1	30	ZB	3	860	860
1	30	ZB	4	60	60
1	30	ZB	5	132	132
1	30	ZB	6	304	304
1	30	ZB	7	104	104
1	30	ZB	8	1560	1560
1	30	ZB	9	16	16
1	30	ZB	10	612	556
1	30	ZB	11	136	136
1	30	ZB	12	40	40
1	30	ZB	13	64	64
1	30	ZB	14	60	60
1	30	ZA	15	1712	1712
1	30	ZA	16	40	40
1	30	ZA	17	80	80
1	30	ZA	18	144	144
1	30	ZA	19	216	216
1	30	ZA	20	4	4
1	30	ZA	21	168	168
1	30	ZA	22	244	244
1	30	ZA	23	176	176
1	30	ZA	24	124	124
1	30	ZA	25	32	32
1	30	ZA	26	12	12
1	30	ZA	27	108	108
1	30	ZA	28	104	104
1	30	ZC	29	88	88
1	30	ZC	30	136	136
1	30	ZC	31	156	156
1	30	ZC	32	104	104
1	30	ZC	33	40	40
1	30	ZC	34	72	72
1	30	ZC	35	32	32
1	30	ZC	36	64	64
1	30	ZC	37	124	124
1	30	ZC	38	16	16
1	30	ZC	39	364	364
1	30	ZC	40	8	8
1	30	ZC	41	76	76
1	30	ZC	42	152	152
1	30	ZC	43	52	52
1	30	ZC	44	44	44
1	30	ZD	45	76	76
1	30	ZD	46	48	48
1	30	ZD	47	16	16
1	30	ZD	48	24	24
1	30	ZD	49	80	80
1	30	ZD	50	36	36
1	35	ZC	1	32	32
1	35	ZC	2	32	32
1	35	ZC	3	16	16
1	35	ZC	4	164	164
1	35	ZC	5	64	64
1	35	ZC	6	428	428
1	35	ZC	7	16	16
1	35	ZC	8	0	4
1	35	ZC	9	92	92
1	35	ZC	10	84	84
1	35	ZC	11	76	76
1	35	ZC	12	240	240
1	35	ZC	13	64	64
1	35	ZC	14	12	12
1	35	ZC	15	40	40
1	35	ZC	16	64	64
1	35	ZA	17	160	160
1	35	ZA	18	52	52
1	35	ZA	19	520	520
1	35	ZA	20	224	224
1	35	ZA	21	220	4
1	35	ZA	22	80	80
1	35	ZA	23	24	24
1	35	ZA	24	80	80
1	35	ZA	25	60	60
1	35	ZA	26	80	80
1	35	ZA	27	176	176
1	35	ZA	28	260	260
1	35	ZA	29	60	60
1	35	ZA	30	160	160
1	35	ZA	31	112	112
1	35	ZB	32	164	164
1	35	ZB	33	72	72
1	35	ZB	34	88	88
1	35	ZB	35	192	192
1	35	ZB	36	92	92
1	35	ZB	37	92	92
1	35	ZB	38	448	448
1	35	ZB	39	144	144
1	35	ZB	40	668	456
1	35	ZB	41	152	152
1	35	ZB	42	1720	1720
1	35	ZB	43	32	32
1	35	ZB	44	52	52
1	35	ZB	45	112	112
1	35	ZB	46	104	104
1	35	ZD	47	40	40
1	35	ZD	48	36	36
1	35	ZD	49	20	20
1	35	ZD	50	8	8
1	35	ZD	51	40	40
1	35	ZD	52	88	88
1	40	ZD	1	28	28
1	40	ZD	2	80	80
1	40	ZD	3	8	8
1	40	ZD	4	16	16
1	40	ZD	5	32	32
1	40	ZD	6	40	40
1	40	ZC	7	20	20
1	40	ZC	8	48	48
1	40	ZC	9	24	24
1	40	ZC	10	124	124
1	40	ZC	11	96	96
1	40	ZC	12	88	88
1	40	ZC	13	88	88
1	40	ZC	14	204	204
1	40	ZC	15	96	96
1	40	ZC	16	116	116
1	40	ZC	17	464	464
1	40	ZC	18	0	4
1	40	ZC	19	108	108
1	40	ZC	20	148	148
1	40	ZC	21	112	112
1	40	ZC	22	92	92
1	40	ZB	23	124	124
1	40	ZB	24	320	320
1	40	ZB	25	56	56
1	40	ZB	26	40	40
1	40	ZB	27	76	76
1	40	ZB	28	128	128
1	40	ZB	29	964	964
1	40	ZB	30	1084	1084
1	40	ZB	31	184	184
1	40	ZB	32	760	760
1	40	ZB	33	60	60
1	40	ZB	34	40	40
1	40	ZB	35	1084	1084
1	40	ZB	36	180	180
1	40	ZB	37	820	820
1	40	ZA	38	92	92
1	40	ZA	39	40	40
1	40	ZA	40	16	16
1	40	ZA	41	12	12
1	40	ZA	42	1064	1064
1	40	ZA	43	96	96
1	40	ZA	44	1444	1444
1	40	ZA	45	16	16
1	40	ZA	46	84	84
1	40	ZA	47	176	176
1	40	ZA	48	4	4
1	40	ZA	49	92	92
1	40	ZA	50	16	16
1	40	ZA	51	12	12
1	40	ZA	52	64	64
1	45	ZD	1	16	16
1	45	ZD	2	4	4
1	45	ZD	3	28	28
1	45	ZD	4	44	44
1	45	ZD	5	4	4
1	45	ZD	6	36	36
1	45	ZB	7	128	128
1	45	ZB	8	24	24
1	45	ZB	9	12	12
1	45	ZB	10	176	176
1	45	ZB	11	1324	1324
1	45	ZB	12	20	20
1	45	ZB	13	1124	1124
1	45	ZB	14	176	176
1	45	ZB	15	92	92
1	45	ZB	16	72	72
1	45	ZB	17	120	120
1	45	ZB	18	40	40
1	45	ZB	19	88	88
1	45	ZB	20	108	108
1	45	ZB	21	420	420
1	45	ZC	22	152	152
1	45	ZC	23	52	52
1	45	ZC	24	84	84
1	45	ZC	25	64	64
1	45	ZC	26	196	196
1	45	ZC	27	156	156
1	45	ZC	28	60	60
1	45	ZC	29	80	80
1	45	ZC	30	4	4
1	45	ZC	31	48	48
1	45	ZC	32	124	124
1	45	ZC	33	108	108
1	45	ZC	34	64	64
1	45	ZC	35	60	60
1	45	ZC	36	160	160
1	45	ZC	37	92	92
1	45	ZC	38	152	152
1	45	ZA	39	1152	1152
1	45	ZA	40	120	120
1	45	ZA	41	40	40
1	45	ZA	42	132	132
1	45	ZA	43	160	160
1	45	ZA	44	176	176
1	45	ZA	45	120	120
1	45	ZA	46	820	820
1	45	ZA	47	172	172
1	45	ZA	48	1192	1192
1	45	ZA	49	240	240
1	45	ZA	50	148	148
1	45	ZA	51	208	208
1	45	ZA	52	284	284
1	45	ZA	53	160	160
1	45	ZA	54	76	76
1	50	ZA	1	192	192
1	50	ZA	2	72	72
1	50	ZA	3	160	160
1	50	ZA	4	260	260
1	50	ZA	5	4	4
1	50	ZA	6	1404	32
1	50	ZA	7	172	172
1	50	ZA	8	36	36
1	50	ZA	9	984	984
1	50	ZA	10	112	112
1	50	ZA	11	112	112
1	50	ZA	12	1792	1792
1	50	ZA	13	524	524
1	50	ZA	14	640	640
1	50	ZA	15	360	360
1	50	ZA	16	548	548
1	50	ZD	17	40	40
1	50	ZD	18	4	4
1	50	ZD	19	36	36
1	50	ZD	20	16	16
1	50	ZD	21	36	36
1	50	ZD	22	16	16
1	50	ZB	23	744	744
1	50	ZB	24	136	136
1	50	ZB	25	108	108
1	50	ZB	26	56	56
1	50	ZB	27	788	788
1	50	ZB	28	96	96
1	50	ZB	29	928	928
1	50	ZB	30	36	36
1	50	ZB	31	1416	1416
1	50	ZB	32	236	236
1	50	ZB	33	148	148
1	50	ZB	34	56	56
1	50	ZB	35	232	232
1	50	ZB	36	536	536
1	50	ZB	37	132	132
1	50	ZC	38	88	88
1	50	ZC	39	16	16
1	50	ZC	40	52	52
1	50	ZC	41	128	128
1	50	ZC	42	56	56
1	50	ZC	43	40	40
1	50	ZC	44	64	64
1	50	ZC	45	20	20
1	50	ZC	46	40	40
1	50	ZC	47	292	292
1	50	ZC	48	96	96
1	50	ZC	49	120	120
1	50	ZC	50	8	8
1	50	ZC	51	72	72
1	50	ZC	52	140	140
1	50	ZC	53	80	80
1	50	ZC	54	28	28
1	55	ZB	1	116	116
1	55	ZB	2	16	16
1	55	ZB	3	184	184
1	55	ZB	4	1104	1104
1	55	ZB	5	108	108
1	55	ZB	6	48	48
1	55	ZB	7	244	244
1	55	ZB	8	32	32
1	55	ZB	9	88	88
1	55	ZB	10	72	72
1	55	ZB	11	176	176
1	55	ZB	12	60	60
1	55	ZB	13	272	272
1	55	ZB	14	172	172
1	55	ZB	15	180	180
1	55	ZD	16	16	16
1	55	ZD	17	88	88
1	55	ZD	18	32	32
1	55	ZD	19	8	8
1	55	ZD	20	40	40
1	55	ZD	21	24	24
1	55	ZA	22	432	432
1	55	ZA	23	140	140
1	55	ZA	24	184	184
1	55	ZA	25	116	116
1	55	ZA	26	196	196
1	55	ZA	27	100	100
1	55	ZA	28	92	92
1	55	ZA	29	172	172
1	55	ZA	30	104	104
1	55	ZA	31	160	160
1	55	ZA	32	64	64
1	55	ZA	33	68	68
1	55	ZA	34	20	20
1	55	ZA	35	68	68
1	55	ZA	36	52	52
1	55	ZA	37	164	164
1	55	ZC	38	60	60
1	55	ZC	39	72	72
1	55	ZC	40	72	72
1	55	ZC	41	8	8
1	55	ZC	42	68	68
1	55	ZC	43	124	124
1	55	ZC	44	128	128
1	55	ZC	45	52	52
1	55	ZC	46	4	4
1	55	ZC	47	44	44
1	55	ZC	48	88	88
1	55	ZC	49	188	188
1	55	ZC	50	84	84
1	55	ZC	51	252	252
1	55	ZC	52	12	12
1	55	ZC	53	140	140
1	55	ZC	54	188	188
1	60	ZC	1	28	28
1	60	ZC	2	52	52
1	60	ZC	3	16	16
1	60	ZC	4	92	92
1	60	ZC	5	56	56
1	60	ZC	6	120	120
1	60	ZC	7	116	116
1	60	ZC	8	84	84
1	60	ZC	9	284	284
1	60	ZC	10	108	108
1	60	ZC	11	4	4
1	60	ZC	12	72	72
1	60	ZC	13	88	88
1	60	ZC	14	312	312
1	60	ZC	15	136	136
1	60	ZC	16	132	132
1	60	ZC	17	88	88
1	60	ZB	18	12	12
1	60	ZB	19	36	36
1	60	ZB	20	64	64
1	60	ZB	21	112	112
1	60	ZB	22	8	8
1	60	ZB	23	260	260
1	60	ZB	24	552	552
1	60	ZB	25	904	904
1	60	ZB	26	240	240
1	60	ZB	27	80	80
1	60	ZB	28	48	48
1	60	ZB	29	56	56
1	60	ZB	30	8	8
1	60	ZB	31	140	140
1	60	ZB	32	32	32
1	60	ZA	33	1360	1360
1	60	ZA	34	212	212
1	60	ZA	35	848	848
1	60	ZA	36	140	140
1	60	ZA	37	88	88
1	60	ZA	38	44	44
1	60	ZA	39	1016	1016
1	60	ZA	40	140	140
1	60	ZA	41	120	120
1	60	ZA	42	20	20
1	60	ZA	43	1060	1060
1	60	ZA	44	92	92
1	60	ZA	45	20	20
1	60	ZA	46	76	76
1	60	ZA	47	864	864
1	60	ZA	48	296	296
1	60	ZD	49	20	20
1	60	ZD	50	12	12
1	60	ZD	51	44	44
1	60	ZD	52	24	24
1	60	ZD	53	44	44
1	60	ZD	54	40	40
1	65	ZD	1	36	12
1	65	ZD	2	20	20
1	65	ZD	3	20	20
1	65	ZD	4	8	8
1	65	ZD	5	36	36
1	65	ZD	6	80	80
1	65	ZA	7	104	104
1	65	ZA	8	476	476
1	65	ZA	9	392	392
1	65	ZA	10	408	408
1	65	ZA	11	260	260
1	65	ZA	12	8	8
1	65	ZA	13	108	108
1	65	ZA	14	180	180
1	65	ZA	15	220	220
1	65	ZA	16	152	152
1	65	ZA	17	1156	1156
1	65	ZA	18	288	288
1	65	ZA	19	152	152
1	65	ZA	20	148	148
1	65	ZA	21	68	68
1	65	ZA	22	88	88
1	65	ZB	23	168	168
1	65	ZB	24	736	736
1	65	ZB	25	676	676
1	65	ZB	26	172	172
1	65	ZB	27	40	40
1	65	ZB	28	60	60
1	65	ZB	29	48	48
1	65	ZB	30	568	568
1	65	ZB	31	200	192
1	65	ZB	32	8	8
1	65	ZB	33	1264	364
1	65	ZB	34	332	332
1	65	ZB	35	1012	1012
1	65	ZB	36	52	52
1	65	ZB	37	296	296
1	65	ZC	38	0	4
1	65	ZC	39	4	4
1	65	ZC	40	100	100
1	65	ZC	41	132	132
1	65	ZC	42	12	12
1	65	ZC	43	144	144
1	65	ZC	44	72	72
1	65	ZC	45	0	4
1	65	ZC	46	16	16
1	65	ZC	47	8	8
1	65	ZC	48	12	12
1	65	ZC	49	24	24
1	65	ZC	50	20	20
1	65	ZC	51	116	116
1	65	ZC	52	20	20
1	65	ZC	53	52	52
1	65	ZC	54	8	8
1	70	ZA	1	1452	1452
1	70	ZA	2	160	160
1	70	ZA	3	196	196
1	70	ZA	4	1132	1132
1	70	ZA	5	776	776
1	70	ZA	6	44	44
1	70	ZA	7	20	20
1	70	ZA	8	128	128
1	70	ZA	9	616	616
1	70	ZA	10	808	808
1	70	ZA	11	68	12
1	70	ZA	12	204	204
1	70	ZA	13	60	60
1	70	ZA	14	576	576
1	70	ZA	15	1252	1252
1	70	ZA	16	4	4
1	70	ZC	17	16	16
1	70	ZC	18	68	68
1	70	ZC	19	124	48
1	70	ZC	20	52	52
1	70	ZC	21	152	152
1	70	ZC	22	100	100
1	70	ZC	23	64	64
1	70	ZC	24	52	52
1	70	ZC	25	28	28
1	70	ZC	26	56	56
1	70	ZC	27	156	156
1	70	ZC	28	60	60
1	70	ZC	29	56	56
1	70	ZC	30	44	44
1	70	ZC	31	28	28
1	70	ZC	32	0	4
1	70	ZC	33	44	44
1	70	ZD	34	28	28
1	70	ZD	35	16	16
1	70	ZD	36	16	16
1	70	ZD	37	16	16
1	70	ZD	38	4	4
1	70	ZD	39	20	20
1	70	ZB	40	1392	1392
1	70	ZB	41	116	116
1	70	ZB	42	56	56
1	70	ZB	43	248	4
1	70	ZB	44	172	172
1	70	ZB	45	108	108
1	70	ZB	46	92	92
1	70	ZB	47	460	460
1	70	ZB	48	60	60
1	70	ZB	49	12	12
1	70	ZB	50	80	80
1	70	ZB	51	1072	1072
1	70	ZB	52	28	28
1	70	ZB	53	32	32
1	70	ZB	54	104	104
1	75	ZB	1	124	124
1	75	ZB	2	52	52
1	75	ZB	3	44	44
1	75	ZB	4	284	284
1	75	ZB	5	196	196
1	75	ZB	6	180	180
1	75	ZB	7	80	80
1	75	ZB	8	36	36
1	75	ZB	9	48	48
1	75	ZB	10	172	172
1	75	ZB	11	64	64
1	75	ZB	12	112	112
1	75	ZB	13	72	72
1	75	ZB	14	660	660
1	75	ZB	15	1352	1352
1	75	ZA	16	1196	1196
1	75	ZA	17	52	20
1	75	ZA	18	28	28
1	75	ZA	19	1496	1496
1	75	ZA	20	84	84
1	75	ZA	21	40	40
1	75	ZA	22	100	100
1	75	ZA	23	112	112
1	75	ZA	24	192	192
1	75	ZA	25	588	588
1	75	ZA	26	88	88
1	75	ZA	27	460	460
1	75	ZA	28	28	28
1	75	ZA	29	76	76
1	75	ZA	30	1204	1204
1	75	ZA	31	188	188
1	75	ZC	32	192	192
1	75	ZC	33	56	56
1	75	ZC	34	44	44
1	75	ZC	35	68	68
1	75	ZC	36	12	12
1	75	ZC	37	80	80
1	75	ZC	38	44	44
1	75	ZC	39	44	44
1	75	ZC	40	12	12
1	75	ZC	41	116	116
1	75	ZC	42	88	88
1	75	ZC	43	72	72
1	75	ZC	44	56	56
1	75	ZC	45	88	88
1	75	ZC	46	0	4
1	75	ZC	47	12	12
1	75	ZC	48	52	52
1	75	ZD	49	40	40
1	75	ZD	50	36	36
1	75	ZD	51	0	4
1	75	ZD	52	24	24
1	75	ZD	53	4	4
1	75	ZD	54	24	24
1	80	ZB	1	752	284
1	80	ZB	2	56	56
1	80	ZB	3	120	120
1	80	ZB	4	16	16
1	80	ZB	5	48	48
1	80	ZB	6	104	104
1	80	ZB	7	52	52
1	80	ZB	8	232	232
1	80	ZB	9	40	40
1	80	ZB	10	40	40
1	80	ZB	11	52	52
1	80	ZB	12	1012	1012
1	80	ZB	13	908	908
1	80	ZB	14	96	96
1	80	ZB	15	76	76
1	80	ZD	16	8	8
1	80	ZD	17	40	40
1	80	ZD	18	24	24
1	80	ZD	19	12	12
1	80	ZD	20	0	4
1	80	ZD	21	4	4
1	80	ZC	22	44	44
1	80	ZC	23	84	84
1	80	ZC	24	112	112
1	80	ZC	25	8	8
1	80	ZC	26	80	80
1	80	ZC	27	80	80
1	80	ZC	28	12	12
1	80	ZC	29	8	8
1	80	ZC	30	48	48
1	80	ZC	31	12	12
1	80	ZC	32	108	108
1	80	ZC	33	128	128
1	80	ZC	34	20	20
1	80	ZC	35	16	16
1	80	ZC	36	76	76
1	80	ZC	37	192	192
1	80	ZC	38	68	68
1	80	ZA	39	136	136
1	80	ZA	40	724	724
1	80	ZA	41	96	96
1	80	ZA	42	140	140
1	80	ZA	43	56	56
1	80	ZA	44	580	580
1	80	ZA	45	36	36
1	80	ZA	46	1096	1096
1	80	ZA	47	48	48
1	80	ZA	48	96	96
1	80	ZA	49	128	88
1	80	ZA	50	1596	1596
1	80	ZA	51	332	332
1	80	ZA	52	76	76
1	80	ZA	53	520	520
1	85	ZB	1	40	40
1	85	ZB	2	344	344
1	85	ZB	3	1324	908
1	85	ZB	4	36	36
1	85	ZB	5	52	52
1	85	ZB	6	32	32
1	85	ZB	7	220	220
1	85	ZB	8	140	140
1	85	ZB	9	124	124
1	85	ZB	10	1072	1072
1	85	ZB	11	112	112
1	85	ZB	12	152	152
1	85	ZB	13	136	136
1	85	ZB	14	148	148
1	85	ZB	15	980	980
1	85	ZA	16	124	124
1	85	ZA	17	44	44
1	85	ZA	18	1408	1408
1	85	ZA	19	1384	1384
1	85	ZA	20	60	60
1	85	ZA	21	448	448
1	85	ZA	22	360	360
1	85	ZA	23	176	176
1	85	ZA	24	192	192
1	85	ZA	25	0	4
1	85	ZA	26	12	12
1	85	ZA	27	76	76
1	85	ZA	28	36	36
1	85	ZA	29	252	252
1	85	ZA	30	1664	1664
1	85	ZD	31	0	4
1	85	ZD	32	12	12
1	85	ZD	33	28	4
1	85	ZD	34	32	32
1	85	ZD	35	64	64
1	85	ZC	36	384	384
1	85	ZC	37	28	28
1	85	ZC	38	356	356
1	85	ZC	39	320	320
1	85	ZC	40	48	48
1	85	ZC	41	80	80
1	85	ZC	42	192	192
1	85	ZC	43	40	40
1	85	ZC	44	76	76
1	85	ZC	45	36	36
1	85	ZC	46	72	72
1	85	ZC	47	112	112
1	85	ZC	48	36	36
1	85	ZC	49	132	132
1	85	ZC	50	68	68
1	85	ZC	51	20	20
1	85	ZC	52	160	160
1	90	ZC	1	32	32
1	90	ZC	2	32	32
1	90	ZC	3	72	72
1	90	ZC	4	72	72
1	90	ZC	5	76	76
1	90	ZC	6	224	224
1	90	ZC	7	48	48
1	90	ZC	8	252	252
1	90	ZC	9	88	88
1	90	ZC	10	72	72
1	90	ZC	11	52	52
1	90	ZC	12	88	88
1	90	ZC	13	96	96
1	90	ZC	14	68	68
1	90	ZC	15	20	20
1	90	ZC	16	60	60
1	90	ZB	17	44	44
1	90	ZB	18	1104	1104
1	90	ZB	19	16	16
1	90	ZB	20	16	16
1	90	ZB	21	768	768
1	90	ZB	22	272	272
1	90	ZB	23	28	28
1	90	ZB	24	52	52
1	90	ZB	25	16	16
1	90	ZB	26	104	104
1	90	ZB	27	348	348
1	90	ZB	28	72	72
1	90	ZB	29	964	964
1	90	ZB	30	408	408
1	90	ZB	31	312	312
1	90	ZA	32	1040	1040
1	90	ZA	33	88	88
1	90	ZA	34	928	928
1	90	ZA	35	136	136
1	90	ZA	36	80	80
1	90	ZA	37	20	20
1	90	ZA	38	964	964
1	90	ZA	39	80	80
1	90	ZA	40	620	620
1	90	ZA	41	96	96
1	90	ZA	42	172	172
1	90	ZA	43	80	80
1	90	ZA	44	72	72
1	90	ZA	45	64	64
1	90	ZA	46	1288	1288
1	90	ZD	47	32	32
1	90	ZD	48	32	32
1	90	ZD	49	16	16
1	90	ZD	50	24	24
1	90	ZD	51	24	24
