run	time	UA	uneven.age	sup.mat	s.rec.pc	harv.pc.EPN	harv.pc.BOJ	harv.pc.PET	harv.pc.SAB	harv.pc.ERS	harv.pc.other
1	5	11161	480	136	56	4	0	8	32	0	12
1	5	11262	192	92	28	0	0	4	16	0	8
1	5	11263	204	96	28	0	0	0	20	0	8
1	5	1171	884	80	40	4	0	12	8	0	16
1	5	121	1060	92	48	4	0	8	12	0	24
1	5	122	1100	120	60	4	0	4	12	0	40
1	5	1272	612	200	76	0	0	4	44	0	28
1	5	141	788	24	12	0	0	0	4	0	8
1	5	151	2352	92	48	0	0	16	4	0	28
1	5	161	1364	80	40	0	0	4	0	0	36
1	5	171	584	100	48	0	0	0	8	0	40
1	5	21	96	52	12	4	0	8	0	0	0
1	5	22	96	48	8	0	0	0	4	0	4
1	5	2371	640	444	76	20	24	0	32	0	0
1	5	2471	688	360	80	48	0	0	20	0	12
1	5	2571	1244	700	144	88	4	16	28	0	8
1	5	2651	60	44	8	8	0	0	0	0	0
1	5	2661	200	84	12	8	0	0	0	0	4
1	5	2662	132	60	8	8	0	0	0	0	0
1	5	2663	76	52	8	8	0	0	0	0	0
1	5	2664	172	84	16	12	0	0	0	0	4
1	5	2665	152	80	12	4	0	0	0	0	8
1	5	2666	72	20	4	4	0	0	0	0	0
1	5	2751	532	320	68	64	0	0	0	0	4
1	5	3153	40	24	4	0	0	0	4	0	0
1	5	3171	644	44	24	8	0	0	4	0	12
1	5	3351	240	100	32	12	0	16	4	0	0
1	5	3451	36	0	0	0	0	0	0	0	0
1	5	3551	272	20	8	0	0	4	0	0	4
1	5	41	856	52	24	0	0	0	12	0	12
1	5	4151	1364	112	56	8	0	12	12	0	24
1	5	4251	1080	208	104	32	0	12	12	0	48
1	5	4351	520	356	64	24	0	8	4	0	28
1	5	4352	728	224	92	8	0	28	4	0	52
1	5	51	2448	156	80	0	0	16	32	0	32
1	5	5151	160	12	8	0	0	0	4	0	4
1	5	6151	368	8	4	0	0	0	0	0	4
1	5	6271	1308	100	48	0	0	20	8	0	20
1	5	6452	952	16	8	0	0	0	8	0	0
1	5	6471	3684	192	96	8	0	24	12	0	52
1	5	71	2204	132	64	0	0	24	20	0	20
1	5	7151	1276	52	24	0	0	4	4	0	16
1	5	7152	1880	140	72	8	0	24	12	0	28
1	5	7251	872	16	8	0	0	0	4	0	4
1	5	7351	1904	48	24	0	0	12	4	0	8
1	5	7352	824	88	44	4	0	4	0	0	36
1	5	7451	1392	260	128	12	0	32	4	0	80
1	5	81	48	24	8	0	0	0	4	0	4
1	5	8151	1640	76	40	0	0	4	0	0	36
1	5	8152	1412	180	88	4	0	20	8	0	56
1	5	82	224	120	24	8	0	12	0	0	4
1	5	8251	292	148	40	4	0	4	16	0	16
1	5	8351	652	256	84	52	0	4	0	0	28
1	5	8451	340	236	40	24	0	4	4	0	8
1	5	8462	88	52	8	8	0	0	0	0	0
1	5	8551	276	164	32	28	0	0	0	0	4
1	5	8562	24	20	4	4	0	0	0	0	0
1	5	8651	156	84	16	12	0	4	0	0	0
1	5	8652	108	80	16	12	0	4	0	0	0
1	5	8663	92	68	12	8	0	0	0	0	4
1	5	8664	68	56	8	8	0	0	0	0	0
1	5	8665	108	100	16	16	0	0	0	0	0
1	5	8666	172	124	20	16	0	0	0	0	4
1	5	8751	164	108	20	20	0	0	0	0	0
1	5	8762	100	52	8	8	0	0	0	0	0
1	5	8763	176	72	12	12	0	0	0	0	0
1	5	8764	224	116	24	20	0	0	0	0	4
1	5	91	132	76	16	0	0	4	4	0	8
1	5	9351	824	496	92	72	0	0	20	0	0
1	5	9352	340	248	36	36	0	0	0	0	0
1	5	9471	856	724	116	80	0	0	36	0	0
1	5	9551	76	64	12	4	0	0	8	0	0
1	5	9751	560	288	56	16	0	4	24	0	12
1	10	11	1472	244	168	4	40	36	32	28	28
1	10	111	584	108	64	0	16	12	8	12	16
1	10	11161	496	96	56	8	4	4	36	4	0
1	10	11262	284	108	36	12	4	8	0	0	12
1	10	11263	272	108	32	4	4	4	20	0	0
1	10	1171	840	64	64	8	8	8	16	8	16
1	10	121	1132	140	124	4	4	8	24	24	60
1	10	122	1124	152	116	4	12	12	24	4	60
1	10	1272	660	224	88	0	4	0	56	8	20
1	10	141	816	44	44	0	0	12	4	8	20
1	10	151	2332	64	64	0	0	16	12	12	24
1	10	161	1404	112	112	0	0	16	0	12	84
1	10	171	612	136	72	0	0	4	8	12	48
1	10	21	140	60	20	0	8	8	0	0	4
1	10	22	112	72	16	8	4	4	0	0	0
1	10	2371	800	468	100	32	16	4	36	4	8
1	10	2471	792	376	88	76	0	0	8	0	4
1	10	2571	1196	668	148	116	4	0	24	0	4
1	10	2651	92	68	12	8	0	0	0	0	4
1	10	2661	220	84	16	16	0	0	0	0	0
1	10	2662	116	44	8	8	0	0	0	0	0
1	10	2663	96	48	8	4	0	0	0	0	4
1	10	2664	192	100	16	8	0	0	0	0	8
1	10	2665	172	92	16	16	0	0	0	0	0
1	10	2666	88	20	4	4	0	0	0	0	0
1	10	2751	508	316	72	48	0	4	20	0	0
1	10	3153	52	24	4	0	0	0	4	0	0
1	10	3171	632	40	40	4	4	0	20	0	12
1	10	3351	232	52	28	8	4	4	0	0	12
1	10	3451	44	0	0	0	0	0	0	0	0
1	10	3551	300	24	24	4	4	0	12	0	4
1	10	41	900	64	64	0	4	16	12	12	20
1	10	4151	1396	132	132	4	12	12	24	16	64
1	10	4251	1156	244	136	16	4	28	40	8	40
1	10	4351	572	340	64	28	4	4	0	0	28
1	10	4352	792	208	104	4	44	12	8	4	32
1	10	51	2520	192	192	0	4	36	44	40	68
1	10	5151	152	0	0	0	0	0	0	0	0
1	10	6151	372	8	8	0	0	0	4	0	4
1	10	6271	1352	104	104	0	28	28	24	4	20
1	10	6452	920	16	16	0	8	4	0	0	4
1	10	6471	3668	296	296	36	36	28	24	32	140
1	10	71	2164	140	140	4	4	52	24	12	44
1	10	7151	1240	40	40	0	4	4	4	16	12
1	10	7152	1812	132	132	0	28	16	12	24	52
1	10	7251	808	8	8	0	0	0	4	4	0
1	10	7351	1912	80	80	0	4	28	16	4	28
1	10	7352	844	88	88	12	4	12	8	0	52
1	10	7451	1484	332	164	20	20	20	4	24	76
1	10	81	68	28	8	0	4	0	0	0	4
1	10	8151	1620	68	68	0	4	0	8	12	44
1	10	8152	1432	192	160	0	12	28	16	20	84
1	10	82	180	100	20	8	0	12	0	0	0
1	10	8251	312	172	40	8	12	4	0	0	16
1	10	8351	776	332	104	16	4	8	12	8	56
1	10	8451	360	208	40	24	0	0	4	0	12
1	10	8462	96	52	8	8	0	0	0	0	0
1	10	8551	276	136	24	16	0	4	0	0	4
1	10	8562	12	8	0	0	0	0	0	0	0
1	10	8651	148	76	16	16	0	0	0	0	0
1	10	8652	132	76	16	4	0	12	0	0	0
1	10	8663	76	60	8	4	0	4	0	0	0
1	10	8664	80	60	8	8	0	0	0	0	0
1	10	8665	124	100	16	16	0	0	0	0	0
1	10	8666	168	80	16	12	0	0	0	0	4
1	10	8751	172	96	20	16	0	0	0	0	4
1	10	8762	128	64	12	12	0	0	0	0	0
1	10	8763	168	76	16	12	0	4	0	0	0
1	10	8764	180	92	16	12	0	0	0	0	4
1	10	91	160	108	24	4	0	4	12	0	4
1	10	9351	760	472	88	60	4	0	12	0	12
1	10	9352	356	184	28	28	0	0	0	0	0
1	10	9471	712	592	92	60	0	0	20	0	12
1	10	9551	72	48	8	4	0	0	4	0	0
1	10	9751	636	344	72	32	4	4	24	0	8
1	15	11	1708	1188	208	0	48	12	12	132	4
1	15	111	648	400	76	0	32	0	4	32	8
1	15	11161	608	304	64	4	36	0	8	16	0
1	15	11262	312	168	36	4	0	8	0	20	4
1	15	11263	256	136	28	0	20	0	4	4	0
1	15	1171	920	608	96	0	8	0	4	84	0
1	15	121	1168	844	128	0	24	8	4	80	12
1	15	122	1124	780	116	0	4	0	0	104	8
1	15	1272	700	396	84	0	32	0	12	28	12
1	15	141	840	672	84	0	0	4	0	80	0
1	15	151	2412	2052	252	0	44	4	0	204	0
1	15	161	1372	1076	136	0	0	0	0	132	4
1	15	171	656	464	80	0	0	4	0	56	20
1	15	21	204	120	24	0	4	4	0	12	4
1	15	22	132	92	20	0	8	4	8	0	0
1	15	2371	768	420	88	28	24	0	28	4	4
1	15	2471	708	392	80	64	0	0	12	0	4
1	15	2571	1248	656	160	92	12	4	28	0	24
1	15	2651	72	32	8	4	0	0	0	0	4
1	15	2661	176	88	16	16	0	0	0	0	0
1	15	2662	100	44	8	8	0	0	0	0	0
1	15	2663	96	48	8	8	0	0	0	0	0
1	15	2664	176	80	16	12	0	0	0	0	4
1	15	2665	172	68	12	8	0	0	0	0	4
1	15	2666	96	36	8	8	0	0	0	0	0
1	15	2751	476	252	60	44	0	0	16	0	0
1	15	3153	64	32	8	0	0	0	4	0	4
1	15	3171	640	396	52	0	36	0	0	16	0
1	15	3351	268	180	36	8	16	4	4	0	4
1	15	3451	40	32	4	0	0	0	0	4	0
1	15	3551	280	152	24	0	0	0	0	24	0
1	15	41	888	692	88	0	4	0	0	80	4
1	15	4151	1456	1016	152	0	56	4	0	92	0
1	15	4251	1216	828	148	8	124	4	0	8	4
1	15	4351	492	308	60	28	12	0	4	0	16
1	15	4352	944	648	128	4	76	8	4	24	12
1	15	51	2580	1964	264	0	16	4	0	232	12
1	15	5151	156	132	16	0	0	0	0	16	0
1	15	6151	364	328	36	0	4	0	4	28	0
1	15	6271	1420	948	152	0	20	4	0	120	8
1	15	6452	916	808	96	0	20	0	0	76	0
1	15	6471	3752	3184	404	4	192	8	4	176	20
1	15	71	2236	1764	232	0	8	4	0	220	0
1	15	7151	1244	1096	128	0	4	0	0	124	0
1	15	7152	1888	1548	204	0	68	12	0	124	0
1	15	7251	820	724	84	0	4	0	0	80	0
1	15	7351	1904	1692	200	0	20	0	0	172	8
1	15	7352	860	684	92	0	40	0	0	44	8
1	15	7451	1464	1048	168	0	96	0	4	52	16
1	15	81	112	64	16	0	4	8	0	4	0
1	15	8151	1624	1480	168	0	80	0	0	84	4
1	15	8152	1472	1032	164	0	96	0	4	48	16
1	15	82	256	112	24	12	4	0	0	4	4
1	15	8251	388	168	40	0	8	8	0	8	16
1	15	8351	920	604	124	12	60	4	4	20	24
1	15	8451	340	180	36	28	0	0	4	0	4
1	15	8462	96	28	8	4	0	0	0	0	4
1	15	8551	252	104	24	12	0	0	0	0	12
1	15	8562	24	16	4	4	0	0	0	0	0
1	15	8651	164	52	16	4	0	4	4	0	4
1	15	8652	184	96	20	12	0	0	0	0	8
1	15	8663	100	68	12	12	0	0	0	0	0
1	15	8664	132	100	16	16	0	0	0	0	0
1	15	8665	136	76	16	12	0	4	0	0	0
1	15	8666	160	76	16	16	0	0	0	0	0
1	15	8751	248	80	20	12	0	0	4	0	4
1	15	8762	184	112	20	16	0	0	0	0	4
1	15	8763	116	28	8	4	0	4	0	0	0
1	15	8764	172	60	12	8	0	0	4	0	0
1	15	91	152	108	24	0	0	0	16	4	4
1	15	9351	816	396	80	48	4	4	20	0	4
1	15	9352	312	168	24	24	0	0	0	0	0
1	15	9471	696	488	80	56	0	0	12	0	12
1	15	9551	88	60	8	0	0	0	8	0	0
1	15	9751	584	244	56	4	12	8	16	8	8
1	20	11	1780	1048	204	0	40	0	12	132	20
1	20	111	692	364	80	4	16	16	12	32	0
1	20	11161	640	228	60	0	36	0	4	20	0
1	20	11262	360	144	32	4	16	0	0	8	4
1	20	11263	332	108	32	4	16	4	4	0	4
1	20	1171	932	564	92	0	24	4	4	56	4
1	20	121	1208	728	124	0	8	4	8	100	4
1	20	122	1204	708	120	4	4	0	8	104	0
1	20	1272	792	364	88	0	36	0	24	16	12
1	20	141	852	592	84	0	4	0	4	76	0
1	20	151	2448	1788	236	0	32	0	4	200	0
1	20	161	1456	984	136	0	0	0	4	128	4
1	20	171	652	400	76	4	4	0	0	52	16
1	20	21	240	132	32	0	12	4	4	8	4
1	20	22	132	72	20	0	12	4	4	0	0
1	20	2371	876	452	108	16	24	8	48	0	12
1	20	2471	820	388	88	64	0	0	20	0	4
1	20	2571	1412	600	168	132	8	4	16	0	8
1	20	2651	88	28	8	8	0	0	0	0	0
1	20	2661	228	92	16	16	0	0	0	0	0
1	20	2662	96	32	8	8	0	0	0	0	0
1	20	2663	64	32	8	8	0	0	0	0	0
1	20	2664	200	104	24	16	0	0	0	0	8
1	20	2665	200	64	16	16	0	0	0	0	0
1	20	2666	80	28	8	4	0	0	0	0	4
1	20	2751	488	212	60	52	0	0	4	0	4
1	20	3153	84	36	8	0	0	0	4	0	4
1	20	3171	676	380	52	0	36	0	0	4	12
1	20	3351	312	164	40	8	20	0	4	4	4
1	20	3451	40	28	4	0	0	0	0	4	0
1	20	3551	296	128	28	4	16	0	0	8	0
1	20	41	940	604	88	0	0	4	0	84	0
1	20	4151	1488	876	148	0	48	8	0	88	4
1	20	4251	1328	708	156	12	84	4	4	32	20
1	20	4351	572	248	60	24	8	12	4	0	12
1	20	4352	956	544	124	8	60	8	8	12	28
1	20	51	2620	1728	252	0	16	0	12	208	16
1	20	5151	152	116	12	0	4	0	0	4	4
1	20	6151	380	308	36	0	0	0	0	36	0
1	20	6271	1380	788	136	0	56	0	4	76	0
1	20	6452	960	744	92	0	20	0	0	72	0
1	20	6471	3780	2792	380	0	184	0	0	168	28
1	20	71	2284	1576	216	0	4	8	4	192	8
1	20	7151	1304	996	128	0	4	0	4	116	4
1	20	7152	1936	1376	192	0	84	0	4	100	4
1	20	7251	872	668	80	0	12	0	0	64	4
1	20	7351	1988	1552	196	0	52	0	0	140	4
1	20	7352	852	580	88	0	64	0	0	24	0
1	20	7451	1668	1012	184	4	88	0	12	64	16
1	20	81	120	60	12	0	0	4	0	8	0
1	20	8151	1624	1300	164	0	64	4	0	96	0
1	20	8152	1488	888	156	0	80	0	0	60	16
1	20	82	208	80	16	4	0	12	0	0	0
1	20	8251	364	140	32	0	8	0	16	0	8
1	20	8351	912	508	112	24	48	8	0	8	24
1	20	8451	368	168	40	20	4	4	0	0	12
1	20	8462	108	32	8	0	4	4	0	0	0
1	20	8551	324	108	28	12	0	0	0	0	16
1	20	8562	12	4	0	0	0	0	0	0	0
1	20	8651	208	68	24	8	0	8	4	0	4
1	20	8652	144	48	12	8	0	0	4	0	0
1	20	8663	68	40	8	8	0	0	0	0	0
1	20	8664	84	44	8	8	0	0	0	0	0
1	20	8665	120	96	16	12	0	0	0	0	4
1	20	8666	168	68	16	12	0	0	0	0	4
1	20	8751	184	76	20	12	0	4	4	0	0
1	20	8762	156	40	12	8	0	0	0	0	4
1	20	8763	164	68	16	8	0	4	0	0	4
1	20	8764	196	92	20	12	0	0	0	0	8
1	20	91	188	108	24	8	4	0	8	4	0
1	20	9351	900	336	84	44	12	0	4	0	24
1	20	9352	416	148	24	16	0	0	4	0	4
1	20	9471	704	488	80	64	0	0	16	0	0
1	20	9551	136	84	16	12	0	0	4	0	0
1	20	9751	740	288	68	12	8	16	16	4	12
1	25	11	1848	880	212	0	28	0	12	156	16
1	25	111	728	320	72	0	16	0	0	44	12
1	25	11161	680	196	56	12	24	4	8	8	0
1	25	11262	404	148	40	0	16	4	8	4	8
1	25	11263	356	104	28	0	8	0	8	4	8
1	25	1171	944	464	92	4	0	0	0	72	16
1	25	121	1268	640	132	0	12	0	0	116	4
1	25	122	1180	544	116	0	20	0	4	88	4
1	25	1272	756	240	68	4	28	0	16	16	4
1	25	141	888	536	84	0	0	0	0	84	0
1	25	151	2412	1516	228	0	52	4	4	164	4
1	25	161	1468	864	140	0	4	8	0	128	0
1	25	171	732	360	80	0	4	0	4	52	20
1	25	21	308	152	40	0	20	0	8	8	4
1	25	22	176	80	20	4	8	4	4	0	0
1	25	2371	856	356	96	20	28	0	32	4	12
1	25	2471	772	272	68	44	0	0	24	0	0
1	25	2571	1312	460	152	108	8	0	20	4	12
1	25	2651	72	32	8	0	0	0	8	0	0
1	25	2661	248	64	16	12	0	0	0	0	4
1	25	2662	92	16	4	4	0	0	0	0	0
1	25	2663	64	32	8	8	0	0	0	0	0
1	25	2664	200	88	20	8	0	4	4	0	4
1	25	2665	192	40	12	8	0	0	0	0	4
1	25	2666	104	40	8	4	0	4	0	0	0
1	25	2751	384	108	36	20	0	0	8	0	8
1	25	3153	28	12	0	0	0	0	0	0	0
1	25	3171	616	300	44	0	28	0	8	8	0
1	25	3351	324	156	36	0	20	4	0	8	4
1	25	3451	40	28	4	0	0	0	0	4	0
1	25	3551	284	104	24	0	0	0	0	20	4
1	25	41	952	524	92	0	4	0	0	80	8
1	25	4151	1532	740	148	0	32	4	8	100	4
1	25	4251	1380	568	136	16	68	0	4	28	20
1	25	4351	628	248	64	16	12	0	8	4	24
1	25	4352	1080	504	124	0	76	4	8	24	12
1	25	51	2672	1504	260	0	16	0	16	220	8
1	25	5151	160	108	16	0	8	0	0	8	0
1	25	6151	360	260	36	0	12	0	0	24	0
1	25	6271	1464	648	140	0	52	0	0	88	0
1	25	6452	920	624	84	0	12	0	0	72	0
1	25	6471	3796	2392	380	0	176	4	0	192	8
1	25	71	2348	1448	224	0	0	12	0	200	12
1	25	7151	1304	880	128	0	12	0	4	104	8
1	25	7152	1984	1212	200	0	80	0	0	108	12
1	25	7251	864	592	80	0	12	0	0	64	4
1	25	7351	1924	1308	188	0	28	0	0	160	0
1	25	7352	900	496	92	4	48	0	8	28	4
1	25	7451	1672	840	180	4	112	4	0	32	28
1	25	81	140	80	20	0	8	4	0	8	0
1	25	8151	1636	1148	160	0	80	0	8	72	0
1	25	8152	1584	816	164	0	88	16	4	32	24
1	25	82	276	96	32	4	8	8	12	0	0
1	25	8251	444	132	36	4	12	0	8	12	0
1	25	8351	968	412	100	4	72	4	4	16	0
1	25	8451	444	172	48	20	12	4	0	0	12
1	25	8462	128	36	12	4	4	4	0	0	0
1	25	8551	244	72	20	8	0	4	0	0	8
1	25	8562	8	0	0	0	0	0	0	0	0
1	25	8651	208	64	20	12	0	8	0	0	0
1	25	8652	132	24	12	8	0	0	4	0	0
1	25	8663	76	44	8	8	0	0	0	0	0
1	25	8664	64	40	8	4	0	0	4	0	0
1	25	8665	92	36	8	4	0	0	0	0	4
1	25	8666	204	68	16	8	0	0	0	0	8
1	25	8751	196	52	16	8	0	8	0	0	0
1	25	8762	184	28	12	8	0	0	0	0	4
1	25	8763	168	16	8	4	0	0	0	0	4
1	25	8764	216	28	8	4	0	0	4	0	0
1	25	91	176	80	24	4	0	4	4	4	8
1	25	9351	724	284	76	60	0	4	8	0	4
1	25	9352	384	156	28	28	0	0	0	0	0
1	25	9471	792	456	88	72	0	0	16	0	0
1	25	9551	76	52	8	4	0	0	4	0	0
1	25	9751	688	264	72	24	28	4	4	0	12
1	30	11	1956	752	200	0	36	4	16	132	12
1	30	111	740	288	72	0	32	0	0	28	12
1	30	11161	792	168	60	4	36	0	8	8	4
1	30	11262	468	164	44	0	24	4	4	12	0
1	30	11263	408	108	36	4	8	4	4	16	0
1	30	1171	924	416	88	0	24	4	0	60	0
1	30	121	1272	536	120	0	24	4	4	76	12
1	30	122	1280	504	120	8	12	4	8	76	12
1	30	1272	872	236	72	0	28	0	8	20	16
1	30	141	884	432	84	0	0	0	0	84	0
1	30	151	2412	1320	232	0	20	0	4	196	12
1	30	161	1420	700	132	0	0	8	0	116	8
1	30	171	656	280	68	0	0	4	0	56	8
1	30	21	304	116	32	0	12	4	0	16	0
1	30	22	180	76	28	4	12	0	0	8	4
1	30	2371	960	340	108	36	24	0	32	8	8
1	30	2471	796	252	72	48	8	0	8	0	8
1	30	2571	1408	484	156	108	8	4	20	0	16
1	30	2651	84	20	4	0	0	0	0	0	4
1	30	2661	184	52	16	16	0	0	0	0	0
1	30	2662	128	16	4	4	0	0	0	0	0
1	30	2663	92	32	12	8	0	0	0	0	4
1	30	2664	168	44	16	12	0	0	4	0	0
1	30	2665	120	24	8	4	0	0	4	0	0
1	30	2666	116	24	8	4	0	0	4	0	0
1	30	2751	496	172	52	28	0	0	12	0	12
1	30	3153	76	12	4	4	0	0	0	0	0
1	30	3171	676	280	56	4	36	0	0	12	4
1	30	3351	320	116	28	0	20	4	0	4	0
1	30	3451	36	20	4	0	4	0	0	0	0
1	30	3551	316	104	28	4	0	0	0	16	8
1	30	41	904	432	84	0	0	4	0	76	4
1	30	4151	1600	652	144	0	40	4	8	92	0
1	30	4251	1444	516	136	8	88	8	4	16	12
1	30	4351	640	240	64	36	12	4	0	0	12
1	30	4352	1232	448	116	0	48	0	12	40	16
1	30	51	2724	1324	264	0	8	0	8	224	24
1	30	5151	152	84	16	0	0	0	0	16	0
1	30	6151	376	240	36	0	8	0	0	28	0
1	30	6271	1480	536	128	0	48	4	0	76	0
1	30	6452	932	560	88	0	12	0	0	76	0
1	30	6471	3848	2080	384	0	192	4	0	184	4
1	30	71	2268	1176	216	0	8	8	8	188	4
1	30	7151	1244	692	120	0	0	0	0	116	4
1	30	7152	1996	1048	204	0	76	0	4	116	8
1	30	7251	784	468	72	0	16	0	0	56	0
1	30	7351	2000	1192	196	0	20	0	0	176	0
1	30	7352	916	456	92	0	56	0	4	28	4
1	30	7451	1840	788	188	4	96	0	4	64	20
1	30	81	152	68	20	0	4	4	0	12	0
1	30	8151	1576	980	156	0	64	0	0	84	8
1	30	8152	1544	616	136	0	68	0	0	56	12
1	30	82	244	80	24	12	0	8	0	0	4
1	30	8251	420	140	36	0	0	8	8	8	12
1	30	8351	1004	352	96	8	60	4	0	8	16
1	30	8451	392	136	40	20	16	0	4	0	0
1	30	8462	120	44	12	4	8	0	0	0	0
1	30	8551	308	84	28	20	0	0	0	0	8
1	30	8562	16	12	0	0	0	0	0	0	0
1	30	8651	180	88	24	12	0	8	4	0	0
1	30	8652	140	16	8	0	0	4	0	0	4
1	30	8663	120	48	12	12	0	0	0	0	0
1	30	8664	40	20	4	4	0	0	0	0	0
1	30	8665	88	36	8	0	0	4	4	0	0
1	30	8666	192	76	24	24	0	0	0	0	0
1	30	8751	168	64	20	12	0	4	0	0	4
1	30	8762	152	36	8	4	0	0	4	0	0
1	30	8763	140	20	8	4	0	0	0	0	4
1	30	8764	208	52	20	20	0	0	0	0	0
1	30	91	216	92	24	4	4	4	12	0	0
1	30	9351	844	264	84	60	0	0	16	0	8
1	30	9352	368	140	28	28	0	0	0	0	0
1	30	9471	804	404	80	48	0	0	16	0	16
1	30	9551	112	68	12	4	0	0	8	0	0
1	30	9751	816	248	88	12	32	8	20	4	12
1	35	11	1992	680	196	4	24	0	4	144	20
1	35	111	812	252	72	4	12	4	0	40	12
1	35	11161	784	136	48	4	16	0	4	24	0
1	35	11262	504	160	44	4	16	4	4	12	4
1	35	11263	400	100	36	4	12	0	8	8	4
1	35	1171	916	336	84	0	20	0	0	56	8
1	35	121	1356	496	120	0	4	0	8	92	16
1	35	122	1264	444	108	0	12	0	12	64	20
1	35	1272	888	252	76	0	36	0	24	16	0
1	35	141	884	336	76	0	4	0	0	72	0
1	35	151	2420	1120	236	0	24	4	8	184	16
1	35	161	1384	620	128	0	0	0	0	124	4
1	35	171	716	268	68	0	0	0	0	56	12
1	35	21	312	84	32	0	4	4	4	16	4
1	35	22	188	80	24	4	4	4	8	0	4
1	35	2371	920	300	100	24	24	0	40	4	8
1	35	2471	704	184	56	20	0	0	28	0	8
1	35	2571	1364	512	160	88	12	4	36	8	12
1	35	2651	48	20	4	4	0	0	0	0	0
1	35	2661	232	36	12	8	0	4	0	0	0
1	35	2662	92	24	8	4	0	4	0	0	0
1	35	2663	64	16	8	4	0	0	0	0	4
1	35	2664	180	56	20	16	0	4	0	0	0
1	35	2665	152	40	12	8	0	0	0	0	4
1	35	2666	92	20	8	4	0	0	0	0	4
1	35	2751	484	144	44	24	0	0	20	0	0
1	35	3153	60	8	4	0	0	0	4	0	0
1	35	3171	652	216	48	0	40	0	0	4	4
1	35	3351	392	140	36	4	12	0	4	4	12
1	35	3451	40	20	4	0	0	0	0	4	0
1	35	3551	292	84	24	0	4	0	0	20	0
1	35	41	940	408	92	0	0	4	0	84	4
1	35	4151	1568	488	116	0	28	0	16	72	0
1	35	4251	1444	388	112	16	60	0	12	20	4
1	35	4351	656	224	72	20	12	12	20	0	8
1	35	4352	1184	340	96	0	60	0	0	24	12
1	35	51	2652	1084	252	0	8	4	4	224	12
1	35	5151	176	92	20	0	0	0	4	12	4
1	35	6151	364	188	36	0	4	0	0	32	0
1	35	6271	1512	476	120	0	44	0	4	56	16
1	35	6452	892	448	84	0	4	0	0	80	0
1	35	6471	3632	1612	340	4	132	0	4	176	24
1	35	71	2252	1016	220	0	0	0	0	216	4
1	35	7151	1288	628	128	0	4	0	0	120	4
1	35	7152	1852	700	164	4	48	4	0	96	12
1	35	7251	796	420	76	0	0	4	4	68	0
1	35	7351	1900	932	184	0	32	4	4	136	8
1	35	7352	884	284	64	0	16	0	0	36	12
1	35	7451	1992	704	172	4	84	12	4	64	4
1	35	81	188	56	20	0	0	0	4	12	4
1	35	8151	1532	796	152	0	52	4	0	96	0
1	35	8152	1644	564	136	0	40	8	0	80	8
1	35	82	304	92	32	8	0	12	0	4	8
1	35	8251	504	160	48	0	24	0	8	12	4
1	35	8351	1128	308	92	8	24	8	8	16	28
1	35	8451	424	124	40	16	12	4	0	0	8
1	35	8462	144	36	16	8	4	0	4	0	0
1	35	8551	344	84	32	20	0	0	4	0	8
1	35	8562	28	0	0	0	0	0	0	0	0
1	35	8651	192	92	24	16	4	0	0	0	4
1	35	8652	140	32	12	4	0	0	0	0	8
1	35	8663	104	28	8	8	0	0	0	0	0
1	35	8664	72	40	8	8	0	0	0	0	0
1	35	8665	144	56	12	8	0	0	0	0	4
1	35	8666	136	40	12	8	0	0	0	0	4
1	35	8751	156	20	16	8	0	4	4	0	0
1	35	8762	124	28	12	4	0	0	8	0	0
1	35	8763	124	20	8	4	0	0	0	0	4
1	35	8764	192	44	16	16	0	0	0	0	0
1	35	91	144	60	16	4	0	0	8	0	4
1	35	9351	872	296	84	40	0	8	32	0	4
1	35	9352	336	84	20	16	0	0	4	0	0
1	35	9471	704	304	72	48	0	0	20	0	4
1	35	9551	60	32	8	8	0	0	0	0	0
1	35	9751	884	236	92	32	32	0	4	16	8
1	40	11	2068	616	188	4	24	8	12	120	20
1	40	111	792	224	72	0	8	4	4	44	12
1	40	11161	828	172	64	4	24	0	12	24	0
1	40	11262	540	196	64	4	24	0	12	24	0
1	40	11263	424	80	36	4	12	0	12	4	4
1	40	1171	964	344	84	0	12	4	8	60	0
1	40	121	1360	472	120	4	8	0	4	92	12
1	40	122	1340	432	112	8	16	0	16	64	8
1	40	1272	1000	280	96	4	16	0	20	44	12
1	40	141	860	308	72	0	0	0	4	60	8
1	40	151	2368	872	204	0	16	0	4	180	4
1	40	161	1420	512	124	4	0	0	0	116	4
1	40	171	696	236	68	0	0	4	0	48	16
1	40	21	324	84	36	0	12	16	0	4	4
1	40	22	188	72	24	0	16	0	4	0	4
1	40	2371	1000	388	124	16	40	0	40	24	4
1	40	2471	776	260	72	40	0	0	32	0	0
1	40	2571	1408	528	172	108	12	4	24	0	24
1	40	2651	80	36	8	4	0	0	0	0	4
1	40	2661	260	64	24	16	0	0	0	0	8
1	40	2662	84	20	8	8	0	0	0	0	0
1	40	2663	68	12	8	8	0	0	0	0	0
1	40	2664	176	44	20	16	0	0	0	0	4
1	40	2665	148	44	16	12	0	0	0	0	4
1	40	2666	108	24	8	8	0	0	0	0	0
1	40	2751	436	136	44	28	0	0	12	0	4
1	40	3153	92	32	8	0	0	0	4	4	0
1	40	3171	668	196	48	4	28	0	0	16	0
1	40	3351	412	128	40	0	16	4	4	12	4
1	40	3451	52	24	4	0	0	0	0	4	0
1	40	3551	296	64	20	0	8	0	0	8	4
1	40	41	944	324	84	0	0	4	4	72	4
1	40	4151	1532	408	116	0	32	0	4	72	8
1	40	4251	1456	396	120	16	60	4	8	24	8
1	40	4351	756	212	72	24	20	0	0	0	28
1	40	4352	1336	360	112	8	60	4	8	16	16
1	40	51	2748	952	236	0	4	0	12	216	4
1	40	5151	156	60	16	0	0	0	0	16	0
1	40	6151	344	140	32	0	4	0	0	28	0
1	40	6271	1508	380	108	0	48	0	0	60	0
1	40	6452	872	376	84	0	12	0	0	72	0
1	40	6471	3644	1348	300	0	112	0	8	160	20
1	40	71	2332	872	204	0	4	0	8	176	16
1	40	7151	1288	532	120	0	4	0	0	116	0
1	40	7152	1864	648	148	0	32	8	0	80	28
1	40	7251	808	340	72	0	8	0	0	60	4
1	40	7351	1944	848	184	0	40	0	4	132	8
1	40	7352	924	248	68	0	24	0	4	36	4
1	40	7451	1976	632	164	0	76	4	0	40	44
1	40	81	196	52	24	0	4	0	4	12	4
1	40	8151	1540	696	152	0	28	0	0	116	8
1	40	8152	1656	536	132	0	52	0	4	72	4
1	40	82	284	100	32	4	4	16	0	0	8
1	40	8251	544	136	48	12	12	0	0	12	12
1	40	8351	1228	316	116	20	24	4	4	28	36
1	40	8451	420	140	48	16	12	4	4	4	8
1	40	8462	156	40	12	4	0	0	4	0	4
1	40	8551	304	56	20	16	0	0	0	0	4
1	40	8562	12	0	0	0	0	0	0	0	0
1	40	8651	196	108	24	8	0	4	0	0	12
1	40	8652	96	40	12	12	0	0	0	0	0
1	40	8663	92	28	8	4	0	4	0	0	0
1	40	8664	72	28	8	8	0	0	0	0	0
1	40	8665	164	80	20	16	0	0	0	0	4
1	40	8666	192	52	20	20	0	0	0	0	0
1	40	8751	196	56	20	4	0	4	4	0	8
1	40	8762	136	32	12	12	0	0	0	0	0
1	40	8763	116	24	12	8	0	4	0	0	0
1	40	8764	160	64	16	12	0	4	0	0	0
1	40	91	172	72	20	4	0	0	4	12	0
1	40	9351	944	308	96	48	12	0	16	0	20
1	40	9352	336	132	28	28	0	0	0	0	0
1	40	9471	736	312	68	40	0	0	28	0	0
1	40	9551	88	40	8	8	0	0	0	0	0
1	40	9751	780	192	84	12	28	4	12	20	8
1	45	11	2160	556	208	4	36	0	16	120	32
1	45	111	860	220	80	0	16	0	0	52	12
1	45	11161	912	172	84	8	20	0	20	28	8
1	45	11262	572	144	64	4	20	8	4	20	8
1	45	11263	456	116	44	0	12	0	16	12	4
1	45	1171	956	236	80	4	16	0	0	60	0
1	45	121	1372	392	128	4	0	0	0	116	8
1	45	122	1432	364	128	0	0	4	8	108	8
1	45	1272	1044	252	96	12	12	0	12	40	20
1	45	141	844	256	80	0	0	0	0	80	0
1	45	151	2428	760	228	0	8	4	12	188	16
1	45	161	1412	392	120	0	0	4	0	92	24
1	45	171	728	176	64	0	0	4	4	52	4
1	45	21	320	64	36	0	4	4	4	12	12
1	45	22	208	76	28	4	8	4	4	4	4
1	45	2371	1120	336	120	20	36	4	36	16	8
1	45	2471	788	212	68	20	0	4	44	0	0
1	45	2571	1496	540	188	124	16	0	20	20	8
1	45	2651	88	16	4	0	0	4	0	0	0
1	45	2661	212	72	20	12	0	0	4	0	4
1	45	2662	84	12	8	8	0	0	0	0	0
1	45	2663	60	0	0	0	0	0	0	0	0
1	45	2664	248	56	24	24	0	0	0	0	0
1	45	2665	136	44	12	8	0	0	0	0	4
1	45	2666	80	12	8	0	0	0	4	0	4
1	45	2751	492	136	48	32	4	4	8	0	0
1	45	3153	92	20	8	0	0	0	4	4	0
1	45	3171	672	140	48	4	16	4	4	20	0
1	45	3351	448	116	44	0	12	0	4	24	4
1	45	3451	48	16	4	0	0	0	0	4	0
1	45	3551	300	56	24	0	8	0	0	12	4
1	45	41	960	300	92	0	8	0	0	72	12
1	45	4151	1608	376	132	0	32	4	0	68	28
1	45	4251	1604	348	128	8	40	0	20	44	16
1	45	4351	816	224	72	20	28	8	8	0	8
1	45	4352	1300	264	108	0	36	4	4	44	20
1	45	51	2768	820	252	0	4	16	8	204	20
1	45	5151	168	52	16	0	0	0	0	16	0
1	45	6151	348	120	32	0	4	0	0	28	0
1	45	6271	1588	320	116	0	36	4	0	72	4
1	45	6452	872	256	76	0	0	0	0	76	0
1	45	6471	3520	1044	288	4	76	4	4	176	24
1	45	71	2380	740	220	0	8	4	4	196	8
1	45	7151	1200	384	112	0	8	4	0	92	8
1	45	7152	1808	524	156	0	32	0	8	112	4
1	45	7251	792	268	72	0	8	4	0	56	4
1	45	7351	1888	660	180	0	32	4	0	144	0
1	45	7352	872	184	64	0	20	0	0	44	0
1	45	7451	2104	620	200	8	72	0	4	80	36
1	45	81	188	48	28	0	0	0	0	20	8
1	45	8151	1500	544	148	0	28	0	0	116	4
1	45	8152	1684	408	128	0	36	0	4	72	16
1	45	82	324	84	36	4	8	4	4	8	8
1	45	8251	456	92	40	8	4	0	4	16	8
1	45	8351	1236	292	128	8	44	4	16	28	28
1	45	8451	440	140	44	20	4	8	4	0	8
1	45	8462	160	64	24	4	4	8	4	0	4
1	45	8551	332	108	28	20	0	0	0	0	8
1	45	8562	20	8	0	0	0	0	0	0	0
1	45	8651	136	76	20	12	0	4	4	0	0
1	45	8652	144	44	12	4	0	0	4	0	4
1	45	8663	136	44	8	8	0	0	0	0	0
1	45	8664	92	40	8	8	0	0	0	0	0
1	45	8665	100	44	8	8	0	0	0	0	0
1	45	8666	192	44	20	4	0	0	0	0	16
1	45	8751	160	68	20	4	0	4	4	0	8
1	45	8762	228	80	28	20	0	0	0	0	8
1	45	8763	136	32	16	4	0	0	4	0	8
1	45	8764	248	56	24	4	0	4	4	0	12
1	45	91	164	52	16	0	0	0	12	4	0
1	45	9351	936	192	80	36	12	0	20	0	12
1	45	9352	404	92	36	32	0	0	4	0	0
1	45	9471	728	264	72	40	0	4	24	0	4
1	45	9551	72	44	8	4	0	0	4	0	0
1	45	9751	988	300	120	44	28	4	24	12	8
1	50	11	2192	504	236	4	28	12	0	160	32
1	50	111	880	172	84	0	4	8	0	64	8
1	50	11161	936	124	80	8	20	4	8	24	16
1	50	11262	572	116	68	0	16	4	12	28	8
1	50	11263	464	116	48	0	16	0	8	16	8
1	50	1171	1012	220	96	4	4	0	0	72	16
1	50	121	1408	332	148	0	4	8	8	108	20
1	50	122	1448	308	140	8	0	4	20	88	20
1	50	1272	1044	224	112	8	8	0	40	32	24
1	50	141	892	228	92	0	8	12	0	56	16
1	50	151	2392	588	232	0	8	4	4	208	8
1	50	161	1404	348	132	0	0	4	0	108	20
1	50	171	756	140	72	0	0	4	8	28	32
1	50	21	388	100	48	0	12	0	4	24	8
1	50	22	200	80	28	0	8	0	4	12	4
1	50	2371	1096	284	120	24	32	0	16	40	8
1	50	2471	748	180	68	40	4	0	24	0	0
1	50	2571	1544	532	168	108	12	0	28	4	16
1	50	2651	80	32	8	8	0	0	0	0	0
1	50	2661	252	60	24	16	0	0	0	0	8
1	50	2662	96	8	8	8	0	0	0	0	0
1	50	2663	72	20	8	0	0	0	0	0	8
1	50	2664	188	88	24	16	0	0	4	0	4
1	50	2665	156	44	20	12	0	0	4	0	4
1	50	2666	80	44	8	0	0	4	0	0	4
1	50	2751	432	128	52	40	0	0	8	0	4
1	50	3153	84	12	4	0	4	0	0	0	0
1	50	3171	668	104	40	4	12	0	4	20	0
1	50	3351	412	60	32	0	8	4	4	12	4
1	50	3451	48	20	4	0	0	0	4	0	0
1	50	3551	312	52	28	4	0	0	4	8	12
1	50	41	936	232	96	4	0	0	0	88	4
1	50	4151	1580	268	132	0	40	4	4	80	4
1	50	4251	1532	312	132	8	28	4	8	64	20
1	50	4351	776	224	76	20	20	0	16	4	16
1	50	4352	1344	264	116	4	40	8	4	36	24
1	50	51	2808	688	280	0	16	8	4	228	24
1	50	5151	180	36	16	0	0	0	0	16	0
1	50	6151	312	84	32	0	0	0	0	32	0
1	50	6271	1580	248	120	0	16	0	4	88	12
1	50	6452	880	212	80	0	8	0	0	72	0
1	50	6471	3456	828	304	0	88	0	20	176	20
1	50	71	2316	556	212	0	0	0	4	196	12
1	50	7151	1188	288	112	0	8	8	0	92	4
1	50	7152	1824	384	152	0	24	0	0	112	16
1	50	7251	796	204	76	0	8	0	0	68	0
1	50	7351	1892	512	180	0	16	0	4	144	16
1	50	7352	924	144	68	0	20	4	0	36	8
1	50	7451	2080	472	188	0	64	4	4	88	28
1	50	81	188	32	24	0	4	4	0	16	0
1	50	8151	1456	408	144	0	44	0	0	92	8
1	50	8152	1728	324	144	0	60	0	4	64	16
1	50	82	336	124	44	12	8	16	0	0	8
1	50	8251	496	92	52	0	20	8	4	0	20
1	50	8351	1356	336	148	16	32	8	8	40	44
1	50	8451	428	128	48	28	16	0	0	0	4
1	50	8462	108	32	12	4	4	0	0	0	4
1	50	8551	332	80	28	4	0	8	0	0	16
1	50	8562	20	8	4	4	0	0	0	0	0
1	50	8651	208	80	24	8	0	8	4	0	4
1	50	8652	132	44	16	8	0	0	0	0	8
1	50	8663	112	52	12	12	0	0	0	0	0
1	50	8664	84	36	8	8	0	0	0	0	0
1	50	8665	152	80	16	4	0	0	4	0	8
1	50	8666	120	28	12	8	0	0	4	0	0
1	50	8751	152	44	16	4	0	0	4	0	8
1	50	8762	224	68	20	8	0	0	8	0	4
1	50	8763	136	40	16	16	0	0	0	0	0
1	50	8764	196	68	20	16	0	0	0	0	4
1	50	91	176	52	20	8	0	0	0	4	8
1	50	9351	1012	248	108	44	8	12	20	0	24
1	50	9352	404	112	36	32	0	0	4	0	0
1	50	9471	760	276	72	44	0	0	24	0	4
1	50	9551	92	20	8	8	0	0	0	0	0
1	50	9751	944	280	124	48	28	12	20	8	8
1	55	11	2276	460	264	0	36	20	16	164	28
1	55	111	908	140	88	4	4	4	4	64	8
1	55	11161	884	92	80	0	8	4	24	36	8
1	55	11262	572	80	68	4	20	4	4	24	12
1	55	11263	452	104	56	0	12	0	16	24	4
1	55	1171	1112	192	116	8	4	12	4	64	24
1	55	121	1480	296	168	0	4	12	20	92	40
1	55	122	1472	288	160	0	16	0	16	88	40
1	55	1272	1152	244	140	24	28	4	16	44	24
1	55	141	860	160	92	0	0	4	0	76	12
1	55	151	2348	416	232	0	16	16	0	192	8
1	55	161	1412	260	144	0	0	12	0	120	12
1	55	171	796	144	92	0	0	4	12	48	28
1	55	21	392	72	44	0	24	0	0	16	4
1	55	22	256	104	36	4	16	0	4	8	4
1	55	2371	1196	348	140	28	32	4	40	28	8
1	55	2471	768	184	60	24	4	0	32	0	0
1	55	2571	1704	580	204	112	16	16	32	4	24
1	55	2651	84	32	8	4	0	4	0	0	0
1	55	2661	196	48	16	12	0	0	0	0	4
1	55	2662	120	16	8	8	0	0	0	0	0
1	55	2663	72	12	4	4	0	0	0	0	0
1	55	2664	156	76	16	8	0	0	4	0	4
1	55	2665	140	44	12	4	0	0	4	0	4
1	55	2666	56	12	4	0	0	0	0	0	4
1	55	2751	532	144	64	44	0	0	20	0	0
1	55	3153	120	32	8	0	0	0	8	0	0
1	55	3171	688	92	56	8	12	0	8	24	4
1	55	3351	488	68	44	0	0	4	4	24	12
1	55	3451	56	20	8	0	0	0	0	4	4
1	55	3551	300	44	28	4	8	0	0	4	12
1	55	41	936	156	96	0	0	0	4	84	8
1	55	4151	1700	244	176	0	12	8	4	136	16
1	55	4251	1616	256	160	16	36	0	12	64	32
1	55	4351	768	224	84	20	20	16	4	4	20
1	55	4352	1408	224	128	4	24	8	8	48	36
1	55	51	2816	468	280	0	8	4	12	228	28
1	55	5151	176	32	16	0	0	0	4	8	4
1	55	6151	332	68	32	0	4	0	0	24	4
1	55	6271	1632	204	136	4	24	8	4	88	8
1	55	6452	860	152	80	0	20	0	0	60	0
1	55	6471	3584	624	344	8	88	8	4	204	32
1	55	71	2408	432	252	0	4	12	4	212	20
1	55	7151	1236	228	124	0	0	4	0	112	8
1	55	7152	1952	332	180	0	20	8	20	112	20
1	55	7251	788	148	80	0	0	0	0	80	0
1	55	7351	1892	360	176	0	28	4	4	136	4
1	55	7352	820	76	56	0	8	0	0	36	12
1	55	7451	2072	356	208	20	80	8	16	48	36
1	55	81	196	40	28	0	4	4	4	16	0
1	55	8151	1500	276	152	0	12	0	8	128	4
1	55	8152	1720	228	152	0	12	4	4	108	24
1	55	82	312	100	44	16	0	4	8	0	16
1	55	8251	504	104	68	8	16	4	4	12	24
1	55	8351	1328	272	144	20	36	4	0	60	24
1	55	8451	456	156	56	16	8	4	4	0	24
1	55	8462	120	44	16	0	4	0	4	0	8
1	55	8551	236	64	24	12	0	0	0	0	12
1	55	8562	24	8	4	4	0	0	0	0	0
1	55	8651	232	84	28	8	0	12	8	0	0
1	55	8652	128	24	12	8	0	0	0	0	4
1	55	8663	108	32	8	4	0	0	0	0	4
1	55	8664	80	36	8	8	0	0	0	0	0
1	55	8665	84	40	8	4	0	4	0	0	0
1	55	8666	180	56	24	16	0	0	4	0	4
1	55	8751	212	40	16	12	0	0	0	0	4
1	55	8762	172	76	20	8	0	0	4	0	8
1	55	8763	100	32	12	8	0	4	0	0	0
1	55	8764	188	72	24	12	0	0	0	0	12
1	55	91	232	88	28	4	0	4	12	8	0
1	55	9351	800	172	72	20	12	0	36	0	4
1	55	9352	396	84	36	28	0	4	4	0	0
1	55	9471	756	224	72	32	0	4	32	0	4
1	55	9551	88	24	8	0	0	0	4	0	4
1	55	9751	932	256	112	40	28	8	20	8	8
1	60	11	2308	388	288	0	56	16	16	176	24
1	60	111	980	144	104	0	20	12	4	60	8
1	60	11161	984	156	116	4	28	4	24	48	8
1	60	11262	680	124	84	8	24	4	12	28	8
1	60	11263	496	116	64	0	16	8	12	24	4
1	60	1171	1048	140	120	4	8	0	12	76	20
1	60	121	1400	224	168	0	4	4	4	116	40
1	60	122	1500	280	184	4	20	16	12	100	32
1	60	1272	1124	212	136	4	24	0	24	68	16
1	60	141	880	120	100	4	0	12	0	68	16
1	60	151	2416	324	264	0	24	16	4	188	32
1	60	161	1460	192	168	0	0	4	0	112	52
1	60	171	780	172	100	0	4	0	0	60	36
1	60	21	424	84	52	0	16	4	0	16	16
1	60	22	296	128	40	0	4	0	4	24	8
1	60	2371	1172	332	140	16	52	4	40	28	0
1	60	2471	860	216	72	20	4	0	36	0	12
1	60	2571	1540	432	168	76	32	12	24	20	4
1	60	2651	64	16	8	0	0	0	8	0	0
1	60	2661	240	84	24	16	0	4	0	0	4
1	60	2662	128	20	8	0	0	0	0	0	8
1	60	2663	68	24	8	0	0	4	0	0	4
1	60	2664	220	88	24	24	0	0	0	0	0
1	60	2665	140	36	16	8	0	0	0	0	8
1	60	2666	84	12	8	4	0	0	0	0	4
1	60	2751	564	192	72	36	0	8	24	0	4
1	60	3153	132	44	12	0	4	0	0	8	0
1	60	3171	684	64	56	0	12	0	4	24	16
1	60	3351	500	68	44	4	12	0	4	16	8
1	60	3451	52	12	8	0	0	0	0	8	0
1	60	3551	324	64	36	4	8	4	0	20	0
1	60	41	940	116	108	0	0	0	8	88	12
1	60	4151	1748	208	192	0	56	0	8	116	12
1	60	4251	1644	256	200	24	60	4	16	72	24
1	60	4351	784	176	88	24	16	4	4	16	24
1	60	4352	1368	232	140	0	52	8	0	56	24
1	60	51	2848	368	332	4	4	12	12	252	48
1	60	5151	164	36	20	0	0	4	4	12	0
1	60	6151	344	48	32	0	0	0	0	32	0
1	60	6271	1688	196	176	0	32	12	8	120	4
1	60	6452	852	92	88	0	4	0	0	76	8
1	60	6471	3620	444	368	12	96	0	8	184	68
1	60	71	2404	288	264	0	0	0	8	236	20
1	60	7151	1232	148	124	0	8	4	4	96	12
1	60	7152	1884	212	176	0	52	4	4	92	24
1	60	7251	776	80	80	0	4	0	0	72	4
1	60	7351	1808	232	176	0	20	4	4	136	12
1	60	7352	900	76	76	0	28	0	0	20	28
1	60	7451	2172	348	248	12	40	28	8	108	52
1	60	81	268	84	36	0	0	8	0	20	8
1	60	8151	1488	172	148	0	28	0	0	100	20
1	60	8152	1832	252	212	0	36	20	4	92	60
1	60	82	264	76	36	4	0	8	4	8	12
1	60	8251	548	120	72	0	4	4	12	32	20
1	60	8351	1468	316	172	16	44	12	8	52	40
1	60	8451	540	200	64	0	20	4	12	4	24
1	60	8462	148	68	20	4	12	0	0	0	4
1	60	8551	356	108	36	8	0	0	8	0	20
1	60	8562	28	8	4	4	0	0	0	0	0
1	60	8651	188	56	20	4	4	4	0	0	8
1	60	8652	112	32	12	8	0	4	0	0	0
1	60	8663	84	24	8	8	0	0	0	0	0
1	60	8664	76	24	8	8	0	0	0	0	0
1	60	8665	84	20	12	4	0	0	4	0	4
1	60	8666	152	72	20	12	0	0	4	0	4
1	60	8751	176	52	16	0	0	4	8	0	4
1	60	8762	156	56	20	12	0	0	4	0	4
1	60	8763	140	60	20	12	0	8	0	0	0
1	60	8764	228	108	32	20	0	0	4	0	8
1	60	91	176	60	24	4	0	0	8	4	8
1	60	9351	944	232	88	28	8	8	32	0	12
1	60	9352	396	124	40	32	0	0	4	0	4
1	60	9471	728	212	64	40	0	4	20	0	0
1	60	9551	68	12	4	0	0	0	4	0	0
1	60	9751	1116	312	144	44	28	12	20	24	16
1	65	11	2324	440	304	4	48	12	16	192	32
1	65	111	972	160	116	0	8	12	8	68	20
1	65	11161	1016	180	120	4	12	20	20	56	8
1	65	11262	648	128	80	0	12	8	8	44	8
1	65	11263	540	104	68	4	8	16	4	36	0
1	65	1171	1060	212	128	4	8	4	0	100	12
1	65	121	1504	328	196	4	8	4	20	124	36
1	65	122	1496	296	196	8	8	8	16	132	24
1	65	1272	1192	272	140	0	48	8	20	44	20
1	65	141	864	136	100	0	0	8	0	80	12
1	65	151	2412	328	272	0	20	16	4	208	24
1	65	161	1424	208	164	0	0	8	0	128	28
1	65	171	844	184	108	0	0	0	12	76	20
1	65	21	448	120	60	0	8	8	4	36	4
1	65	22	228	72	32	0	4	0	4	24	0
1	65	2371	1208	364	152	28	28	24	28	40	4
1	65	2471	844	192	76	20	4	4	44	4	0
1	65	2571	1564	484	180	72	16	32	28	20	12
1	65	2651	92	20	8	4	0	0	0	0	4
1	65	2661	200	80	20	16	0	0	0	0	4
1	65	2662	124	24	12	4	0	0	4	0	4
1	65	2663	68	8	0	0	0	0	0	0	0
1	65	2664	204	72	24	12	0	8	0	0	4
1	65	2665	200	68	24	12	0	0	8	0	4
1	65	2666	68	16	4	4	0	0	0	0	0
1	65	2751	456	184	60	44	0	0	12	0	4
1	65	3153	132	32	12	4	0	4	0	0	4
1	65	3171	688	76	64	0	20	4	0	32	8
1	65	3351	476	64	40	4	12	0	4	20	0
1	65	3451	52	8	8	0	0	0	0	8	0
1	65	3551	320	64	40	4	0	0	0	24	12
1	65	41	964	144	112	0	4	0	4	92	12
1	65	4151	1760	252	196	0	20	0	4	152	20
1	65	4251	1736	376	228	4	60	20	16	104	24
1	65	4351	816	196	92	28	16	4	4	12	28
1	65	4352	1400	204	144	0	44	8	8	68	16
1	65	51	2864	432	352	0	12	8	8	272	52
1	65	5151	160	32	20	0	0	4	0	16	0
1	65	6151	320	40	28	0	0	0	0	28	0
1	65	6271	1628	188	172	0	32	0	4	124	12
1	65	6452	832	120	84	0	0	8	4	72	0
1	65	6471	3520	408	368	0	80	8	16	236	28
1	65	71	2396	372	280	0	8	12	4	224	32
1	65	7151	1236	172	132	0	8	4	0	112	8
1	65	7152	1832	240	188	0	20	12	4	132	20
1	65	7251	760	96	76	0	0	0	0	68	8
1	65	7351	1856	216	200	0	8	8	0	164	20
1	65	7352	900	116	88	0	12	8	0	52	16
1	65	7451	2204	364	284	16	96	12	8	116	36
1	65	81	224	64	32	0	0	4	0	24	4
1	65	8151	1532	180	152	0	24	4	0	112	12
1	65	8152	1824	272	212	0	40	0	4	132	36
1	65	82	320	104	36	4	4	4	0	4	20
1	65	8251	508	152	64	8	28	4	0	16	8
1	65	8351	1488	404	180	24	24	8	12	88	24
1	65	8451	436	124	52	0	32	0	4	0	16
1	65	8462	128	36	16	0	8	0	4	0	4
1	65	8551	336	100	40	12	0	4	0	0	24
1	65	8562	12	4	0	0	0	0	0	0	0
1	65	8651	160	68	16	0	4	0	0	0	12
1	65	8652	132	52	16	4	0	8	0	0	4
1	65	8663	116	20	8	8	0	0	0	0	0
1	65	8664	92	16	8	4	0	0	0	0	4
1	65	8665	136	40	16	12	0	0	4	0	0
1	65	8666	164	88	20	16	0	4	0	0	0
1	65	8751	212	48	24	12	0	4	4	0	4
1	65	8762	164	20	8	8	0	0	0	0	0
1	65	8763	180	80	28	8	0	12	0	0	8
1	65	8764	160	56	20	8	0	4	8	0	0
1	65	91	192	48	20	4	4	0	0	8	4
1	65	9351	844	200	88	32	0	0	28	0	28
1	65	9352	364	88	28	20	0	0	4	0	4
1	65	9471	768	212	68	36	0	0	24	0	8
1	65	9551	76	20	4	0	0	4	0	0	0
1	65	9751	1028	344	136	28	40	4	32	16	16
1	70	11	2368	460	324	0	36	4	4	232	48
1	70	111	980	152	124	0	24	0	8	84	8
1	70	11161	1068	216	128	8	32	8	4	76	0
1	70	11262	704	168	88	0	12	8	0	64	4
1	70	11263	560	132	76	0	20	12	8	36	0
1	70	1171	1040	216	128	8	12	4	0	92	12
1	70	121	1500	320	192	0	12	0	20	144	16
1	70	122	1528	276	200	4	16	20	0	132	28
1	70	1272	1308	348	172	8	28	16	24	96	0
1	70	141	940	168	112	4	0	8	0	92	8
1	70	151	2384	420	272	0	16	4	4	220	28
1	70	161	1432	284	164	0	0	0	0	140	24
1	70	171	844	184	104	0	8	0	0	76	20
1	70	21	416	96	52	4	8	0	0	40	0
1	70	22	248	80	32	0	4	8	0	4	16
1	70	2371	1216	332	136	12	32	12	36	44	0
1	70	2471	956	240	92	44	0	8	16	4	20
1	70	2571	1532	512	192	76	16	24	36	20	20
1	70	2651	56	8	4	0	0	0	0	0	4
1	70	2661	184	76	20	16	0	0	0	0	4
1	70	2662	128	32	12	0	0	0	8	0	4
1	70	2663	60	4	4	0	0	0	0	0	0
1	70	2664	196	76	16	12	0	4	0	0	0
1	70	2665	156	60	12	4	0	4	0	0	4
1	70	2666	116	40	12	12	0	0	0	0	0
1	70	2751	396	136	48	36	0	4	8	0	0
1	70	3153	144	28	12	0	4	0	4	4	0
1	70	3171	724	96	76	4	16	4	8	44	0
1	70	3351	540	124	56	0	8	0	4	44	0
1	70	3451	48	4	4	0	0	0	0	0	0
1	70	3551	324	72	40	8	0	4	4	24	0
1	70	41	948	200	108	0	0	4	0	100	4
1	70	4151	1800	312	212	0	36	12	0	152	12
1	70	4251	1740	384	228	4	56	12	12	112	32
1	70	4351	896	236	92	28	24	4	4	16	16
1	70	4352	1456	224	168	24	48	0	4	56	36
1	70	51	2988	544	360	0	0	16	8	284	52
1	70	5151	164	32	16	0	0	0	0	16	0
1	70	6151	332	36	28	0	4	0	4	20	0
1	70	6271	1744	220	196	0	20	4	8	160	4
1	70	6452	828	116	84	0	12	0	0	68	4
1	70	6471	3656	532	404	12	100	24	0	220	48
1	70	71	2436	368	284	0	0	8	8	236	32
1	70	7151	1240	180	132	0	4	0	0	108	20
1	70	7152	1764	236	184	0	28	8	0	116	32
1	70	7251	768	124	76	0	8	0	0	68	0
1	70	7351	1896	244	208	0	24	12	4	152	16
1	70	7352	920	144	104	0	16	12	0	64	12
1	70	7451	2212	364	280	0	108	16	0	116	40
1	70	81	224	76	36	0	8	0	0	28	0
1	70	8151	1500	208	152	0	24	8	0	120	0
1	70	8152	1828	372	224	0	56	12	4	104	48
1	70	82	340	140	44	8	0	20	4	4	8
1	70	8251	612	220	76	0	20	8	4	32	12
1	70	8351	1660	428	200	12	52	20	4	100	12
1	70	8451	456	152	60	20	24	8	4	0	4
1	70	8462	172	40	20	0	4	0	8	4	4
1	70	8551	268	64	20	8	0	8	0	0	4
1	70	8562	24	8	4	4	0	0	0	0	0
1	70	8651	204	96	24	8	8	0	4	0	4
1	70	8652	140	40	16	4	0	4	0	0	8
1	70	8663	88	28	8	8	0	0	0	0	0
1	70	8664	84	16	8	0	0	4	0	0	4
1	70	8665	92	20	8	4	0	0	4	0	0
1	70	8666	156	88	20	8	0	4	0	0	8
1	70	8751	188	72	24	12	0	0	0	0	12
1	70	8762	144	32	16	12	0	0	0	0	4
1	70	8763	180	92	24	8	0	4	0	0	12
1	70	8764	192	76	24	4	0	8	4	0	8
1	70	91	176	56	24	0	0	8	0	16	0
1	70	9351	848	204	88	48	0	4	16	0	20
1	70	9352	420	76	32	28	0	0	0	0	4
1	70	9471	696	156	64	44	0	8	8	0	4
1	70	9551	72	12	4	4	0	0	0	0	0
1	70	9751	1028	336	128	24	36	12	16	32	8
1	75	11	2340	464	316	8	28	20	12	212	36
1	75	111	1024	184	128	0	20	0	0	92	16
1	75	11161	1128	284	132	0	36	12	8	68	8
1	75	11262	812	200	104	0	20	0	16	64	4
1	75	11263	664	188	88	0	24	8	0	52	4
1	75	1171	1072	224	132	0	12	8	12	100	0
1	75	121	1612	400	208	0	4	8	8	152	36
1	75	122	1524	368	196	0	8	16	20	144	8
1	75	1272	1296	332	168	0	28	8	12	96	24
1	75	141	900	196	104	0	0	4	0	96	4
1	75	151	2412	416	268	0	24	8	0	224	12
1	75	161	1480	316	168	0	0	0	0	144	24
1	75	171	852	216	100	0	0	8	0	72	20
1	75	21	448	116	60	0	20	8	0	28	4
1	75	22	280	108	44	4	0	8	0	12	20
1	75	2371	1376	424	168	8	32	8	28	76	16
1	75	2471	816	200	72	28	4	20	16	0	4
1	75	2571	1604	484	200	36	48	48	0	32	36
1	75	2651	96	20	8	4	0	4	0	0	0
1	75	2661	168	56	20	8	0	4	0	0	8
1	75	2662	112	24	8	4	0	4	0	0	0
1	75	2663	64	8	0	0	0	0	0	0	0
1	75	2664	180	56	20	4	0	4	0	0	12
1	75	2665	140	60	16	12	0	0	0	0	4
1	75	2666	128	32	12	8	0	0	0	0	4
1	75	2751	472	192	60	24	0	12	16	0	8
1	75	3153	172	44	20	0	0	0	4	16	0
1	75	3171	720	132	80	4	48	4	0	20	4
1	75	3351	588	152	56	0	16	8	0	32	0
1	75	3451	52	12	8	0	0	0	0	8	0
1	75	3551	324	80	40	0	0	0	4	32	4
1	75	41	972	232	112	0	4	4	0	96	8
1	75	4151	1896	324	228	0	16	12	4	176	20
1	75	4251	1772	368	228	12	56	16	16	108	20
1	75	4351	916	244	96	16	16	8	8	32	16
1	75	4352	1456	292	180	8	44	8	8	96	16
1	75	51	2876	596	340	0	0	4	8	304	24
1	75	5151	172	40	20	0	4	4	4	8	0
1	75	6151	304	32	28	0	8	0	0	20	0
1	75	6271	1796	292	200	0	64	4	4	108	20
1	75	6452	840	128	84	0	8	0	8	68	0
1	75	6471	3584	596	408	16	68	4	8	260	52
1	75	71	2440	404	280	0	4	8	4	236	28
1	75	7151	1224	160	128	0	0	0	0	124	4
1	75	7152	1828	260	204	0	24	4	0	144	32
1	75	7251	744	120	76	0	12	4	0	52	8
1	75	7351	1856	284	204	0	24	16	4	156	4
1	75	7352	912	108	104	0	24	0	0	68	12
1	75	7451	2196	476	276	8	80	0	4	148	36
1	75	81	256	72	36	0	0	0	0	36	0
1	75	8151	1464	200	152	0	20	4	0	112	16
1	75	8152	1880	392	236	0	48	4	12	156	16
1	75	82	308	124	40	8	4	4	4	8	12
1	75	8251	612	196	72	4	4	0	0	44	20
1	75	8351	1680	448	212	8	60	24	8	84	28
1	75	8451	540	172	60	8	20	0	0	20	12
1	75	8462	148	32	16	0	12	4	0	0	0
1	75	8551	288	84	40	16	0	4	0	0	20
1	75	8562	36	20	4	4	0	0	0	0	0
1	75	8651	224	100	28	8	4	0	0	0	16
1	75	8652	144	72	12	4	0	0	0	0	8
1	75	8663	76	20	4	4	0	0	0	0	0
1	75	8664	80	32	12	8	0	4	0	0	0
1	75	8665	132	40	12	8	0	4	0	0	0
1	75	8666	196	72	20	16	0	0	0	0	4
1	75	8751	184	72	20	4	0	4	4	0	8
1	75	8762	120	16	12	4	0	8	0	0	0
1	75	8763	156	44	12	0	0	8	0	0	4
1	75	8764	184	56	16	12	0	0	0	0	4
1	75	91	212	48	28	0	0	16	0	8	4
1	75	9351	848	252	88	28	12	12	24	0	12
1	75	9352	388	188	40	24	0	0	8	0	8
1	75	9471	732	108	68	28	0	16	20	0	4
1	75	9551	76	20	8	0	0	8	0	0	0
1	75	9751	1084	352	144	16	24	20	16	40	28
1	80	11	2356	544	308	4	36	16	8	220	24
1	80	111	1048	208	124	0	16	0	4	92	12
1	80	11161	1224	296	136	4	40	4	0	72	16
1	80	11262	772	184	92	0	20	4	0	60	8
1	80	11263	760	216	100	0	28	4	0	64	4
1	80	1171	1036	232	128	4	16	0	4	100	4
1	80	121	1664	428	212	4	4	4	8	180	12
1	80	122	1568	416	200	0	8	4	12	152	24
1	80	1272	1356	360	168	4	24	12	12	100	16
1	80	141	876	204	104	0	0	4	4	88	8
1	80	151	2348	420	256	0	8	4	8	220	16
1	80	161	1436	336	160	0	0	0	0	140	20
1	80	171	880	208	104	0	0	8	8	80	8
1	80	21	428	96	56	0	12	0	0	40	4
1	80	22	292	88	40	0	8	0	12	4	16
1	80	2371	1524	520	188	40	36	16	12	80	4
1	80	2471	836	208	80	32	8	0	16	12	12
1	80	2571	1584	416	192	48	12	28	24	44	36
1	80	2651	92	20	12	0	0	8	4	0	0
1	80	2661	212	36	16	8	0	0	0	0	8
1	80	2662	80	16	4	4	0	0	0	0	0
1	80	2663	64	12	4	0	0	0	0	0	4
1	80	2664	148	36	12	0	0	8	0	0	4
1	80	2665	108	36	12	0	0	0	0	0	12
1	80	2666	112	56	12	8	0	0	4	0	0
1	80	2751	496	172	60	32	0	8	4	0	16
1	80	3153	196	44	20	0	0	4	4	12	0
1	80	3171	776	120	88	0	28	0	0	52	8
1	80	3351	620	124	56	8	8	0	4	36	0
1	80	3451	60	20	8	0	0	0	0	8	0
1	80	3551	404	124	52	0	4	4	4	24	16
1	80	41	976	232	112	0	0	4	0	104	4
1	80	4151	1872	336	220	4	24	4	8	164	16
1	80	4251	1728	452	236	12	44	20	12	120	28
1	80	4351	1036	324	124	4	36	20	8	36	20
1	80	4352	1468	312	200	0	64	4	4	100	28
1	80	51	2960	676	348	4	8	8	4	288	36
1	80	5151	180	56	20	0	0	0	0	20	0
1	80	6151	320	40	32	0	0	0	0	32	0
1	80	6271	1844	320	196	0	32	0	0	144	20
1	80	6452	816	140	80	0	4	0	0	72	4
1	80	6471	3724	804	428	12	108	16	4	256	32
1	80	71	2464	472	276	0	4	4	4	232	32
1	80	7151	1268	200	136	0	0	8	0	124	4
1	80	7152	1804	276	200	0	36	8	4	132	20
1	80	7251	752	104	72	0	12	0	0	60	0
1	80	7351	1868	332	208	0	20	12	0	156	20
1	80	7352	876	128	88	0	24	0	4	44	16
1	80	7451	2224	540	268	4	72	12	4	152	24
1	80	81	256	60	36	0	8	0	0	28	0
1	80	8151	1516	236	156	0	28	4	0	104	20
1	80	8152	1820	364	224	0	40	0	4	152	28
1	80	82	320	128	36	8	4	8	4	0	12
1	80	8251	628	192	80	4	12	0	0	52	12
1	80	8351	1812	472	228	24	40	4	12	120	28
1	80	8451	548	168	64	16	16	4	4	20	4
1	80	8462	156	48	16	0	0	4	0	8	4
1	80	8551	376	128	48	16	0	16	0	0	16
1	80	8562	16	8	0	0	0	0	0	0	0
1	80	8651	224	84	24	4	4	4	0	0	12
1	80	8652	172	112	20	4	0	8	0	0	8
1	80	8663	92	20	8	8	0	0	0	0	0
1	80	8664	84	36	12	4	0	8	0	0	0
1	80	8665	112	32	12	8	0	4	0	0	0
1	80	8666	144	64	16	4	0	4	4	0	4
1	80	8751	144	72	16	4	0	0	8	0	4
1	80	8762	164	56	12	8	0	0	0	0	4
1	80	8763	140	56	12	4	0	4	4	0	0
1	80	8764	184	80	16	8	0	0	0	0	8
1	80	91	156	48	20	0	0	0	0	8	12
1	80	9351	860	196	76	20	8	16	12	4	16
1	80	9352	324	140	32	28	0	0	4	0	0
1	80	9471	712	112	64	28	0	20	16	0	0
1	80	9551	88	36	8	8	0	0	0	0	0
1	80	9751	1140	412	152	20	32	24	16	60	0
1	85	11	2404	576	296	8	20	8	8	232	20
1	85	111	1048	224	128	0	12	4	4	108	0
1	85	11161	1360	364	164	0	40	4	4	104	12
1	85	11262	788	216	104	0	16	4	4	80	0
1	85	11263	756	220	100	0	24	0	0	76	0
1	85	1171	1072	240	132	0	12	0	0	92	28
1	85	121	1736	460	212	0	8	12	0	160	32
1	85	122	1620	472	196	0	8	0	8	172	8
1	85	1272	1424	356	176	4	32	8	20	104	8
1	85	141	896	192	104	0	4	0	0	88	12
1	85	151	2416	512	276	4	8	0	8	228	28
1	85	161	1476	336	164	0	0	8	0	136	20
1	85	171	884	212	100	0	0	4	0	68	28
1	85	21	432	116	64	0	8	8	4	40	4
1	85	22	252	100	36	0	16	4	0	16	0
1	85	2371	1564	568	200	16	40	16	8	116	4
1	85	2471	892	228	84	48	4	4	12	8	8
1	85	2571	1804	540	236	60	12	52	24	44	44
1	85	2651	92	44	8	0	0	0	4	0	4
1	85	2661	176	40	12	8	0	4	0	0	0
1	85	2662	112	40	8	4	0	0	0	0	4
1	85	2663	36	4	4	0	0	0	0	0	0
1	85	2664	188	44	16	4	0	8	0	0	4
1	85	2665	124	36	12	8	0	0	0	0	4
1	85	2666	80	36	8	8	0	0	0	0	0
1	85	2751	448	168	60	28	4	12	8	0	8
1	85	3153	200	52	24	4	0	0	4	16	0
1	85	3171	744	144	80	0	36	0	4	40	0
1	85	3351	652	136	64	0	8	8	0	40	8
1	85	3451	56	16	4	0	4	0	0	0	0
1	85	3551	340	116	44	8	4	0	0	32	0
1	85	41	1028	244	120	0	4	4	0	96	16
1	85	4151	1876	360	216	0	56	4	4	140	12
1	85	4251	1864	496	240	0	56	20	4	144	16
1	85	4351	972	300	112	12	24	16	8	32	20
1	85	4352	1520	324	196	8	44	4	0	124	16
1	85	51	3084	756	364	0	4	20	4	316	20
1	85	5151	164	36	16	0	0	0	0	16	0
1	85	6151	316	36	28	0	0	0	0	28	0
1	85	6271	1844	324	188	0	20	4	4	152	8
1	85	6452	816	140	84	0	4	0	0	80	0
1	85	6471	3716	804	400	12	76	32	12	252	16
1	85	71	2456	528	272	0	0	20	0	240	12
1	85	7151	1224	228	128	0	4	0	0	120	4
1	85	7152	1848	416	204	8	20	12	0	136	28
1	85	7251	760	104	72	0	0	0	0	64	8
1	85	7351	1864	332	200	0	4	4	4	184	4
1	85	7352	900	196	100	12	24	4	0	40	20
1	85	7451	2328	560	276	4	84	4	0	144	40
1	85	81	256	64	36	0	8	0	4	20	4
1	85	8151	1468	204	148	0	36	0	0	104	8
1	85	8152	1988	412	248	4	60	4	0	140	40
1	85	82	332	92	36	8	8	0	0	12	8
1	85	8251	676	180	84	4	12	12	4	48	4
1	85	8351	1904	516	248	20	60	20	8	116	24
1	85	8451	512	160	60	4	12	8	4	16	16
1	85	8462	168	52	16	0	4	4	0	4	4
1	85	8551	356	108	40	16	0	8	0	0	16
1	85	8562	36	16	4	0	0	0	0	0	4
1	85	8651	216	52	24	4	0	0	0	4	16
1	85	8652	148	40	8	8	0	0	0	0	0
1	85	8663	100	28	12	12	0	0	0	0	0
1	85	8664	128	60	16	12	0	4	0	0	0
1	85	8665	88	40	12	8	0	0	4	0	0
1	85	8666	156	60	16	8	0	0	0	0	8
1	85	8751	208	80	24	8	0	8	4	0	4
1	85	8762	204	96	20	4	0	4	4	0	8
1	85	8763	132	56	12	4	0	4	0	0	4
1	85	8764	148	52	12	8	0	0	0	0	4
1	85	91	204	88	32	4	4	8	0	16	0
1	85	9351	892	248	84	20	20	28	8	0	8
1	85	9352	424	156	36	32	0	0	4	0	0
1	85	9471	724	148	64	28	0	16	8	0	12
1	85	9551	64	12	4	4	0	0	0	0	0
1	85	9751	1208	388	160	8	20	32	8	72	20
1	90	11	2404	596	284	0	36	4	0	216	28
1	90	111	1172	280	144	4	16	8	4	108	4
1	90	11161	1364	388	160	0	32	12	4	88	24
1	90	11262	836	208	112	0	12	4	4	88	4
1	90	11263	816	232	104	0	16	0	4	80	4
1	90	1171	1120	300	136	0	12	4	0	108	12
1	90	121	1772	484	208	0	8	8	0	176	16
1	90	122	1696	520	200	0	12	12	12	152	12
1	90	1272	1456	440	188	0	28	8	4	132	16
1	90	141	916	212	100	0	0	4	0	92	4
1	90	151	2412	512	268	0	20	4	0	232	12
1	90	161	1436	324	152	0	0	4	0	144	4
1	90	171	892	208	100	0	0	8	0	76	16
1	90	21	464	92	64	0	16	0	0	40	8
1	90	22	296	116	48	0	12	0	4	24	8
1	90	2371	1784	568	224	16	24	28	12	136	8
1	90	2471	848	240	80	20	8	8	16	12	16
1	90	2571	1772	616	236	64	16	44	24	56	32
1	90	2651	88	40	8	8	0	0	0	0	0
1	90	2661	168	48	16	12	0	0	0	0	4
1	90	2662	116	16	8	4	0	0	4	0	0
1	90	2663	80	12	8	4	0	4	0	0	0
1	90	2664	212	64	20	12	0	4	0	0	4
1	90	2665	108	28	12	8	0	4	0	0	0
1	90	2666	96	24	8	4	0	4	0	0	0
1	90	2751	496	176	52	12	0	8	28	0	4
1	90	3153	184	48	20	4	4	0	0	12	0
1	90	3171	796	204	80	4	40	0	4	32	0
1	90	3351	640	160	80	0	0	8	0	64	8
1	90	3451	56	16	4	0	0	0	0	4	0
1	90	3551	372	136	44	0	4	8	0	32	0
1	90	41	1008	236	116	0	4	8	0	92	12
1	90	4151	1864	368	196	0	40	0	0	140	16
1	90	4251	1908	468	220	8	60	0	0	144	8
1	90	4351	1096	336	124	8	44	16	4	36	16
1	90	4352	1496	328	192	4	44	8	0	104	32
1	90	51	3080	808	356	0	4	8	0	320	24
1	90	5151	164	48	16	0	0	0	0	16	0
1	90	6151	320	60	28	0	0	0	0	24	4
1	90	6271	1844	368	192	0	48	8	0	132	4
1	90	6452	824	160	80	0	4	0	0	72	4
1	90	6471	3736	868	416	4	124	4	12	248	24
1	90	71	2452	592	272	0	4	4	0	252	12
1	90	7151	1260	272	136	0	8	0	0	112	16
1	90	7152	1824	384	196	0	28	4	0	144	20
1	90	7251	752	108	72	0	4	0	0	68	0
1	90	7351	1892	380	200	0	16	0	4	168	12
1	90	7352	976	200	104	4	20	4	4	64	8
1	90	7451	2268	620	280	12	60	4	8	160	36
1	90	81	284	68	32	4	0	0	0	28	0
1	90	8151	1524	224	148	0	20	0	0	120	8
1	90	8152	2012	460	240	0	44	12	0	156	28
1	90	82	300	96	36	4	4	16	0	4	8
1	90	8251	724	172	88	0	12	8	0	52	16
1	90	8351	1924	496	240	4	36	8	8	140	44
1	90	8451	552	192	64	16	16	8	4	12	8
1	90	8462	172	56	20	4	8	0	0	4	4
1	90	8551	300	100	28	8	0	4	4	0	12
1	90	8562	20	8	0	0	0	0	0	0	0
1	90	8651	224	68	24	4	0	8	0	4	8
1	90	8652	200	72	20	4	0	8	4	0	4
1	90	8663	116	44	12	8	0	0	0	0	4
1	90	8664	124	36	12	4	0	8	0	0	0
1	90	8665	124	32	12	4	0	0	0	0	8
1	90	8666	148	52	12	8	0	0	0	0	4
1	90	8751	200	56	16	4	0	12	0	0	0
1	90	8762	116	48	8	8	0	0	0	0	0
1	90	8763	164	68	12	12	0	0	0	0	0
1	90	8764	228	48	12	4	0	0	0	0	8
1	90	91	204	84	28	8	0	12	0	0	8
1	90	9351	932	208	88	24	16	20	20	0	8
1	90	9352	452	156	40	12	0	0	24	0	4
1	90	9471	752	176	76	24	0	20	12	0	20
1	90	9551	56	16	8	4	0	0	0	0	4
1	90	9751	1216	468	164	8	32	16	0	76	32
