run	time	BCDomain	Spp	poor	med	good
1	0	D1	SAB	8576	61604	11560
1	0	D3	SAB	280	172668	39032
1	0	D6	SAB	56	208392	540
1	0	D1	EPN	77020	4720	0
1	0	D3	EPN	35372	166740	9868
1	0	D6	EPN	56	47532	161400
1	0	D1	PET	284	4044	77412
1	0	D3	PET	10724	15460	185796
1	0	D6	PET	142112	42436	24440
1	0	D1	BOJ	12500	33104	36136
1	0	D3	BOJ	94140	52260	65580
1	0	D6	BOJ	208112	848	28
1	0	D1	ERS	3008	19244	59488
1	0	D3	ERS	162560	44008	5412
1	0	D6	ERS	208988	0	0
1	0	D1	other	284	25420	56036
1	0	D3	other	11704	196112	4164
1	0	D6	other	146340	62648	0
1	5	D1	SAB	27032	53648	1060
1	5	D3	SAB	476	173608	37896
1	5	D6	SAB	56	205304	3628
1	5	D1	EPN	81624	116	0
1	5	D3	EPN	124812	86984	184
1	5	D6	EPN	2240	137732	69016
1	5	D1	PET	284	14544	66912
1	5	D3	PET	700	1540	209740
1	5	D6	PET	55144	31060	122784
1	5	D1	BOJ	35812	36940	8988
1	5	D3	BOJ	15404	68680	127896
1	5	D6	BOJ	160656	39696	8636
1	5	D1	ERS	348	3828	77564
1	5	D3	ERS	74564	79244	58172
1	5	D6	ERS	204196	4764	28
1	5	D1	other	284	3328	78128
1	5	D3	other	796	161208	49976
1	5	D6	other	57380	151608	0
1	10	D1	SAB	40716	40688	336
1	10	D3	SAB	1192	191764	19024
1	10	D6	SAB	56	206868	2064
1	10	D1	EPN	81720	20	0
1	10	D3	EPN	161960	49992	28
1	10	D6	EPN	10360	158936	39692
1	10	D1	PET	284	25820	55636
1	10	D3	PET	332	460	211188
1	10	D6	PET	32220	20556	156212
1	10	D1	BOJ	48988	30000	2752
1	10	D3	BOJ	9232	61812	140936
1	10	D6	BOJ	115096	53956	39936
1	10	D1	ERS	296	3688	77756
1	10	D3	ERS	32736	81128	98116
1	10	D6	ERS	189292	19564	132
1	10	D1	other	284	560	80896
1	10	D3	other	336	122808	88836
1	10	D6	other	34176	174728	84
1	15	D1	SAB	27952	52496	1292
1	15	D3	SAB	404	177436	34140
1	15	D6	SAB	56	199844	9088
1	15	D1	EPN	81624	116	0
1	15	D3	EPN	120220	91444	316
1	15	D6	EPN	1820	128332	78836
1	15	D1	PET	284	15248	66208
1	15	D3	PET	876	2008	209096
1	15	D6	PET	63196	36692	109100
1	15	D1	BOJ	36912	36184	8644
1	15	D3	BOJ	19728	70396	121856
1	15	D6	BOJ	174004	28208	6776
1	15	D1	ERS	348	4188	77204
1	15	D3	ERS	79580	77512	54888
1	15	D6	ERS	205156	3832	0
1	15	D1	other	284	3468	77988
1	15	D3	other	956	164156	46868
1	15	D6	other	67000	141988	0
1	20	D1	SAB	42880	37972	888
1	20	D3	SAB	1372	184852	25756
1	20	D6	SAB	56	207712	1220
1	20	D1	EPN	81728	12	0
1	20	D3	EPN	148112	63832	36
1	20	D6	EPN	8316	154188	46484
1	20	D1	PET	284	28160	53296
1	20	D3	PET	336	540	211104
1	20	D6	PET	34372	22224	152392
1	20	D1	BOJ	51240	27868	2632
1	20	D3	BOJ	10472	69176	132332
1	20	D6	BOJ	130424	53608	24956
1	20	D1	ERS	288	4552	76900
1	20	D3	ERS	43872	73036	95072
1	20	D6	ERS	194340	14512	136
1	20	D1	other	284	512	80944
1	20	D3	other	340	125060	86580
1	20	D6	other	36392	172516	80
1	25	D1	SAB	43428	38124	188
1	25	D3	SAB	2648	193588	15744
1	25	D6	SAB	56	208568	364
1	25	D1	EPN	81728	12	0
1	25	D3	EPN	181256	30712	12
1	25	D6	EPN	24964	157396	26628
1	25	D1	PET	284	28832	52624
1	25	D3	PET	288	536	211156
1	25	D6	PET	16716	18832	173440
1	25	D1	BOJ	52164	27964	1612
1	25	D3	BOJ	9584	72628	129768
1	25	D6	BOJ	92056	53052	63880
1	25	D1	ERS	284	4836	76620
1	25	D3	ERS	18348	78668	114964
1	25	D6	ERS	164440	43404	1144
1	25	D1	other	284	320	81136
1	25	D3	other	292	104104	107584
1	25	D6	other	18456	189936	596
1	30	D1	SAB	55560	25980	200
1	30	D3	SAB	6928	182984	22068
1	30	D6	SAB	56	159492	49440
1	30	D1	EPN	81740	0	0
1	30	D3	EPN	194312	17668	0
1	30	D6	EPN	39740	157520	11728
1	30	D1	PET	488	40368	40884
1	30	D3	PET	280	1616	210084
1	30	D6	PET	13448	16328	179212
1	30	D1	BOJ	64924	16472	344
1	30	D3	BOJ	15200	92428	104352
1	30	D6	BOJ	81240	51468	76280
1	30	D1	ERS	284	8212	73244
1	30	D3	ERS	11972	67372	132636
1	30	D6	ERS	148928	56000	4060
1	30	D1	other	284	84	81372
1	30	D3	other	280	85396	126304
1	30	D6	other	14788	191356	2844
1	35	D1	SAB	73472	8244	24
1	35	D3	SAB	21104	181380	9496
1	35	D6	SAB	56	198804	10128
1	35	D1	EPN	81740	0	0
1	35	D3	EPN	206508	5472	0
1	35	D6	EPN	108824	94088	6076
1	35	D1	PET	2020	59624	20096
1	35	D3	PET	280	5952	205748
1	35	D6	PET	4160	6508	198320
1	35	D1	BOJ	77448	4248	44
1	35	D3	BOJ	37576	114328	60076
1	35	D6	BOJ	43384	34508	131096
1	35	D1	ERS	284	16164	65292
1	35	D3	ERS	3812	19924	188244
1	35	D6	ERS	84696	86608	37684
1	35	D1	other	284	0	81456
1	35	D3	other	280	28448	183252
1	35	D6	other	4616	177256	27116
1	40	D1	SAB	74504	7216	20
1	40	D3	SAB	31288	161064	19628
1	40	D6	SAB	56	141800	67132
1	40	D1	EPN	81740	0	0
1	40	D3	EPN	209040	2940	0
1	40	D6	EPN	127056	80156	1776
1	40	D1	PET	2284	59468	19988
1	40	D3	PET	280	11624	200076
1	40	D6	PET	2164	3340	203484
1	40	D1	BOJ	78764	2948	28
1	40	D3	BOJ	51700	114096	46184
1	40	D6	BOJ	28652	40928	139408
1	40	D1	ERS	284	19052	62404
1	40	D3	ERS	1952	12628	197400
1	40	D6	ERS	66412	88920	53656
1	40	D1	other	284	0	81456
1	40	D3	other	280	17892	193808
1	40	D6	other	2432	162700	43856
1	45	D1	SAB	80372	1368	0
1	45	D3	SAB	81836	122188	7956
1	45	D6	SAB	188	181340	27460
1	45	D1	EPN	81740	0	0
1	45	D3	EPN	211468	512	0
1	45	D6	EPN	165548	42960	480
1	45	D1	PET	5684	69620	6436
1	45	D3	PET	280	38404	173296
1	45	D6	PET	416	916	207656
1	45	D1	BOJ	81332	408	0
1	45	D3	BOJ	107612	91516	12852
1	45	D6	BOJ	9292	86432	113264
1	45	D1	ERS	284	32992	48464
1	45	D3	ERS	444	5824	205712
1	45	D6	ERS	34144	57176	117668
1	45	D1	other	284	0	81456
1	45	D3	other	280	6332	205368
1	45	D6	other	488	100484	108016
1	50	D1	SAB	81540	200	0
1	50	D3	SAB	127572	80936	3472
1	50	D6	SAB	2948	172568	33472
1	50	D1	EPN	81740	0	0
1	50	D3	EPN	211972	8	0
1	50	D6	EPN	188800	20188	0
1	50	D1	PET	11120	69444	1176
1	50	D3	PET	288	84608	127084
1	50	D6	PET	84	472	208432
1	50	D1	BOJ	81668	72	0
1	50	D3	BOJ	151140	56288	4552
1	50	D6	BOJ	12568	121396	75024
1	50	D1	ERS	284	47608	33848
1	50	D3	ERS	280	6516	205184
1	50	D6	ERS	14308	41848	152832
1	50	D1	other	284	0	81456
1	50	D3	other	280	1508	210192
1	50	D6	other	96	60768	148124
1	55	D1	SAB	81648	92	0
1	55	D3	SAB	133536	76136	2308
1	55	D6	SAB	3132	184888	20968
1	55	D1	EPN	81740	0	0
1	55	D3	EPN	211976	4	0
1	55	D6	EPN	191116	17804	68
1	55	D1	PET	14252	66980	508
1	55	D3	PET	300	94344	117336
1	55	D6	PET	60	464	208464
1	55	D1	BOJ	81704	36	0
1	55	D3	BOJ	157572	51380	3028
1	55	D6	BOJ	12472	117656	78860
1	55	D1	ERS	284	53584	27872
1	55	D3	ERS	280	7892	203808
1	55	D6	ERS	12692	40240	156056
1	55	D1	other	284	0	81456
1	55	D3	other	280	876	210824
1	55	D6	other	80	57552	151356
1	60	D1	SAB	81740	0	0
1	60	D3	SAB	189644	22092	244
1	60	D6	SAB	40160	166916	1912
1	60	D1	EPN	81740	0	0
1	60	D3	EPN	211980	0	0
1	60	D6	EPN	201876	7112	0
1	60	D1	PET	31688	50000	52
1	60	D3	PET	696	149944	61340
1	60	D6	PET	56	7272	201660
1	60	D1	BOJ	81740	0	0
1	60	D3	BOJ	199560	11976	444
1	60	D6	BOJ	69632	91276	48080
1	60	D1	ERS	284	73964	7492
1	60	D3	ERS	280	26188	185512
1	60	D6	ERS	4760	24404	179824
1	60	D1	other	284	0	81456
1	60	D3	other	280	60	211640
1	60	D6	other	56	33224	175708
1	65	D1	SAB	81740	0	0
1	65	D3	SAB	204740	7232	8
1	65	D6	SAB	94052	108232	6704
1	65	D1	EPN	81740	0	0
1	65	D3	EPN	211980	0	0
1	65	D6	EPN	207512	1476	0
1	65	D1	PET	40076	41652	12
1	65	D3	PET	4000	189272	18708
1	65	D6	PET	56	47640	161292
1	65	D1	BOJ	81740	0	0
1	65	D3	BOJ	208020	3952	8
1	65	D6	BOJ	123216	66764	19008
1	65	D1	ERS	284	78848	2608
1	65	D3	ERS	280	65104	146596
1	65	D6	ERS	1004	6720	201264
1	65	D1	other	284	0	81456
1	65	D3	other	280	0	211700
1	65	D6	other	56	9484	199448
1	70	D1	SAB	81740	0	0
1	70	D3	SAB	210540	1440	0
1	70	D6	SAB	150228	58312	448
1	70	D1	EPN	81740	0	0
1	70	D3	EPN	211980	0	0
1	70	D6	EPN	208828	160	0
1	70	D1	PET	65448	16292	0
1	70	D3	PET	17820	188872	5288
1	70	D6	PET	56	122884	86048
1	70	D1	BOJ	81740	0	0
1	70	D3	BOJ	211440	540	0
1	70	D6	BOJ	164312	39648	5028
1	70	D1	ERS	284	81292	164
1	70	D3	ERS	280	132652	79048
1	70	D6	ERS	108	5192	203688
1	70	D1	other	284	0	81456
1	70	D3	other	280	0	211700
1	70	D6	other	56	2184	206748
1	75	D1	SAB	81740	0	0
1	75	D3	SAB	208428	3552	0
1	75	D6	SAB	136776	71284	928
1	75	D1	EPN	81740	0	0
1	75	D3	EPN	211980	0	0
1	75	D6	EPN	208480	508	0
1	75	D1	PET	53412	28328	0
1	75	D3	PET	8828	194420	8732
1	75	D6	PET	56	100476	108456
1	75	D1	BOJ	81740	0	0
1	75	D3	BOJ	210408	1572	0
1	75	D6	BOJ	151400	49100	8488
1	75	D1	ERS	284	80900	556
1	75	D3	ERS	280	108764	102936
1	75	D6	ERS	268	3688	205032
1	75	D1	other	284	0	81456
1	75	D3	other	280	0	211700
1	75	D6	other	56	3652	205280
1	80	D1	SAB	81740	0	0
1	80	D3	SAB	211896	84	0
1	80	D6	SAB	186568	21944	476
1	80	D1	EPN	81740	0	0
1	80	D3	EPN	211980	0	0
1	80	D6	EPN	208988	0	0
1	80	D1	PET	76404	5336	0
1	80	D3	PET	50952	160204	824
1	80	D6	PET	108	164440	44440
1	80	D1	BOJ	81740	0	0
1	80	D3	BOJ	211972	8	0
1	80	D6	BOJ	195996	12116	876
1	80	D1	ERS	284	81416	40
1	80	D3	ERS	280	190136	21564
1	80	D6	ERS	56	49620	159312
1	80	D1	other	284	0	81456
1	80	D3	other	280	0	211700
1	80	D6	other	56	220	208712
1	85	D1	SAB	81740	0	0
1	85	D3	SAB	211976	4	0
1	85	D6	SAB	188952	20036	0
1	85	D1	EPN	81740	0	0
1	85	D3	EPN	211980	0	0
1	85	D6	EPN	208988	0	0
1	85	D1	PET	81024	716	0
1	85	D3	PET	86136	125704	140
1	85	D6	PET	156	169064	39768
1	85	D1	BOJ	81740	0	0
1	85	D3	BOJ	211980	0	0
1	85	D6	BOJ	196940	11184	864
1	85	D1	ERS	284	81456	0
1	85	D3	ERS	280	200476	11224
1	85	D6	ERS	56	75204	133728
1	85	D1	other	284	0	81456
1	85	D3	other	280	0	211700
1	85	D6	other	56	220	208712
1	90	D1	SAB	81740	0	0
1	90	D3	SAB	211980	0	0
1	90	D6	SAB	205564	3424	0
1	90	D1	EPN	81740	0	0
1	90	D3	EPN	211980	0	0
1	90	D6	EPN	208988	0	0
1	90	D1	PET	81720	20	0
1	90	D3	PET	179896	32084	0
1	90	D6	PET	22164	177112	9712
1	90	D1	BOJ	81740	0	0
1	90	D3	BOJ	211980	0	0
1	90	D6	BOJ	207116	1872	0
1	90	D1	ERS	1184	80556	0
1	90	D3	ERS	280	210276	1424
1	90	D6	ERS	56	143404	65528
1	90	D1	other	284	0	81456
1	90	D3	other	280	0	211700
1	90	D6	other	56	0	208932
