run	time	UA	SProd_ha	S_CC_ha_an	S_PC_ha_an	vol
1	5	11	764400	7440	2880	1167280
1	5	111	321200	3440	800	524240
1	5	11161	496800	5920	1120	829120
1	5	11262	330400	4320	560	600040
1	5	11263	315200	4240	560	603400
1	5	1171	306800	1920	800	307760
1	5	121	467200	4160	960	617720
1	5	122	486800	4080	1200	605080
1	5	1272	620400	6800	1520	1021800
1	5	141	202800	1280	240	193320
1	5	151	463200	2080	960	348920
1	5	161	337600	2080	800	336600
1	5	171	354400	3440	960	527680
1	5	21	156000	1760	240	248480
1	5	22	175200	0	160	8560
1	5	2371	1177200	13040	1520	1753680
1	5	2471	1479600	16880	1600	2008600
1	5	2571	2405600	27680	2880	3223600
1	5	2651	162800	1760	160	201920
1	5	2661	388000	2640	240	294800
1	5	2662	212000	2080	160	230640
1	5	2663	142000	1840	160	216000
1	5	2664	374000	3120	320	339480
1	5	2665	296000	2640	240	289040
1	5	2666	189600	1440	80	156000
1	5	2751	970000	10880	1360	1300800
1	5	3153	114400	960	80	130840
1	5	3171	224800	2000	480	286280
1	5	3351	300800	3440	640	470200
1	5	3451	13600	80	0	11120
1	5	3551	111600	720	160	100880
1	5	41	225200	1040	480	171960
1	5	4151	444800	4560	1120	692400
1	5	4251	841600	8480	2080	1179320
1	5	4351	918000	10240	1280	1285960
1	5	4352	592000	6480	1840	982000
1	5	51	724400	3360	1600	561440
1	5	5151	36800	240	160	44320
1	5	6151	54800	240	80	27800
1	5	6271	430400	4560	960	679880
1	5	6452	130000	480	160	64520
1	5	6471	956400	6880	1920	987480
1	5	71	511600	3280	1280	535880
1	5	7151	232400	1120	480	184120
1	5	7152	474400	3360	1440	535200
1	5	7251	116400	400	160	66720
1	5	7351	360400	1920	480	292760
1	5	7352	318800	3280	880	461720
1	5	7451	751200	7280	2560	1125760
1	5	81	106000	1280	160	183840
1	5	8151	301600	1920	800	310880
1	5	8152	562400	5360	1760	849400
1	5	82	459200	1840	480	241080
1	5	8251	460000	5600	800	749640
1	5	8351	877200	10080	1680	1366400
1	5	8451	615200	6560	800	793360
1	5	8462	210800	2000	160	233760
1	5	8551	634000	5760	640	642840
1	5	8562	40400	560	80	63600
1	5	8651	333200	2160	320	250360
1	5	8652	269200	1920	320	242600
1	5	8663	184000	2000	240	221280
1	5	8664	176400	1920	160	214400
1	5	8665	234000	2560	320	288000
1	5	8666	330000	3120	400	347720
1	5	8751	378000	3600	400	406080
1	5	8762	329600	2240	160	245920
1	5	8763	306400	2080	240	251760
1	5	8764	381600	2960	480	344200
1	5	91	241200	2960	320	401440
1	5	9351	1529200	17680	1840	2097920
1	5	9352	742800	7440	720	816480
1	5	9471	1474400	18480	2320	2155240
1	5	9551	156800	2000	240	248480
1	5	9751	1051200	10320	1120	1234440
1	10	11	764400	7120	3360	1153480
1	10	111	321200	3440	1280	538320
1	10	11161	496800	6000	1120	874120
1	10	11262	330400	4240	720	572880
1	10	11263	315200	4320	640	599120
1	10	1171	306800	1920	1280	341160
1	10	121	467200	4000	2480	670400
1	10	122	486800	4080	2320	654680
1	10	1272	620400	6480	1760	996800
1	10	141	202800	1280	880	232960
1	10	151	463200	1920	1280	353200
1	10	161	337600	2000	2240	410040
1	10	171	354400	3360	1440	549600
1	10	21	156000	1680	400	249080
1	10	22	175200	0	320	18040
1	10	2371	1177200	12320	2000	1638720
1	10	2471	1479600	16640	1760	1950920
1	10	2571	2405600	27840	2960	3248520
1	10	2651	162800	1680	240	207200
1	10	2661	388000	2800	320	317920
1	10	2662	212000	2080	160	234080
1	10	2663	142000	1840	160	214880
1	10	2664	374000	3120	320	359240
1	10	2665	296000	2160	320	245880
1	10	2666	189600	1440	80	157440
1	10	2751	970000	10800	1440	1294280
1	10	3153	114400	1120	80	150320
1	10	3171	224800	2160	800	304960
1	10	3351	300800	3680	560	496360
1	10	3451	13600	80	0	11120
1	10	3551	111600	800	480	118080
1	10	41	225200	960	1280	204120
1	10	4151	444800	4240	2640	733520
1	10	4251	841600	8400	2720	1245120
1	10	4351	918000	10320	1280	1286680
1	10	4352	592000	6400	2080	957160
1	10	51	724400	5120	3840	922800
1	10	5151	36800	240	0	33360
1	10	6151	54800	160	160	33360
1	10	6271	430400	4560	2080	749920
1	10	6452	130000	560	320	99280
1	10	6471	956400	7040	5920	1197240
1	10	71	511600	3280	2800	622240
1	10	7151	232400	1040	800	175680
1	10	7152	474400	3280	2640	612800
1	10	7251	116400	400	160	66720
1	10	7351	360400	1920	1600	361240
1	10	7352	318800	3360	1760	549960
1	10	7451	751200	7120	3280	1166440
1	10	81	106000	1120	160	155120
1	10	8151	301600	1840	1360	340560
1	10	8152	562400	5440	3200	931360
1	10	82	459200	4400	400	554760
1	10	8251	460000	5600	800	740560
1	10	8351	877200	9920	2080	1332360
1	10	8451	615200	6640	800	822080
1	10	8462	210800	2000	160	222400
1	10	8551	634000	5760	480	643520
1	10	8562	40400	560	0	64480
1	10	8651	333200	2240	320	256080
1	10	8652	269200	1840	320	236240
1	10	8663	184000	2000	160	222200
1	10	8664	176400	1920	160	213000
1	10	8665	234000	2560	320	281960
1	10	8666	330000	2160	320	262680
1	10	8751	378000	3360	400	413000
1	10	8762	329600	2160	240	245600
1	10	8763	306400	2000	320	242200
1	10	8764	381600	2960	320	330920
1	10	91	241200	3040	480	389880
1	10	9351	1529200	17840	1760	2069280
1	10	9352	742800	6000	560	681760
1	10	9471	1474400	18240	1840	2149040
1	10	9551	156800	1920	160	246040
1	10	9751	1051200	10560	1440	1296280
1	15	11	764400	6960	4160	960200
1	15	111	321200	3440	1520	396560
1	15	11161	496800	6080	1280	434440
1	15	11262	330400	4240	720	414400
1	15	11263	315200	4320	560	239600
1	15	1171	306800	1840	1920	305240
1	15	121	467200	3120	2560	475160
1	15	122	486800	4000	2320	504040
1	15	1272	620400	6400	1680	467360
1	15	141	202800	1200	1680	272200
1	15	151	463200	2080	5040	615880
1	15	161	337600	2080	2720	465680
1	15	171	354400	3440	1600	520000
1	15	21	156000	1440	480	205680
1	15	22	175200	640	400	103320
1	15	2371	1177200	12320	1760	702520
1	15	2471	1479600	15600	1600	1460520
1	15	2571	2405600	27280	3200	2847560
1	15	2651	162800	1760	160	190440
1	15	2661	388000	2560	320	255760
1	15	2662	212000	2080	160	233120
1	15	2663	142000	1840	160	204560
1	15	2664	374000	3120	320	339960
1	15	2665	296000	1920	240	225560
1	15	2666	189600	1280	160	145200
1	15	2751	970000	10000	1200	912640
1	15	3153	114400	1360	160	69160
1	15	3171	224800	2160	1040	247400
1	15	3351	300800	3760	720	358400
1	15	3451	13600	80	80	5560
1	15	3551	111600	640	480	69600
1	15	41	225200	640	1760	198960
1	15	4151	444800	4320	3040	589840
1	15	4251	841600	8560	2960	1129000
1	15	4351	918000	10240	1200	1174840
1	15	4352	592000	6160	2560	961560
1	15	51	724400	5040	5280	804880
1	15	5151	36800	240	320	33360
1	15	6151	54800	240	720	55280
1	15	6271	430400	4400	3040	579040
1	15	6452	130000	480	1920	188720
1	15	6471	956400	6000	8080	1227960
1	15	71	511600	3120	4640	676960
1	15	7151	232400	1040	2560	300240
1	15	7152	474400	3120	4080	678200
1	15	7251	116400	400	1680	149560
1	15	7351	360400	1840	4000	499440
1	15	7352	318800	3280	1840	567640
1	15	7451	751200	7040	3360	1073960
1	15	81	106000	1120	320	177200
1	15	8151	301600	1840	3360	467040
1	15	8152	562400	5200	3280	880240
1	15	82	459200	0	480	25120
1	15	8251	460000	4240	800	516240
1	15	8351	877200	9280	2480	1259880
1	15	8451	615200	6560	720	675360
1	15	8462	210800	2080	160	211000
1	15	8551	634000	4720	480	NA
1	15	8562	40400	560	80	57760
1	15	8651	333200	0	320	12040
1	15	8652	269200	1920	400	232160
1	15	8663	184000	2080	240	234400
1	15	8664	176400	1920	320	203200
1	15	8665	234000	2560	320	285960
1	15	8666	330000	2160	320	255000
1	15	8751	378000	2080	400	230320
1	15	8762	329600	2240	400	261000
1	15	8763	306400	1200	160	124040
1	15	8764	381600	2400	240	271120
1	15	91	241200	2960	480	227200
1	15	9351	1529200	16480	1600	1482080
1	15	9352	742800	5440	480	583120
1	15	9471	1474400	18240	1600	1748200
1	15	9551	156800	1920	160	110240
1	15	9751	1051200	9600	1120	934840
1	20	11	764400	6880	4080	1205800
1	20	111	321200	3440	1600	568840
1	20	11161	496800	6400	1200	927400
1	20	11262	330400	4240	640	585080
1	20	11263	315200	4240	640	619240
1	20	1171	306800	1680	1840	360280
1	20	121	467200	3840	2480	699400
1	20	122	486800	4160	2400	733240
1	20	1272	620400	6320	1760	967280
1	20	141	202800	1200	1680	282200
1	20	151	463200	2000	4720	604120
1	20	161	337600	2080	2720	476240
1	20	171	354400	3360	1520	564160
1	20	21	156000	1680	640	273680
1	20	22	175200	1920	400	275960
1	20	2371	1177200	12320	2160	1696000
1	20	2471	1479600	15520	1760	1841800
1	20	2571	2405600	27520	3360	3169560
1	20	2651	162800	1760	160	210000
1	20	2661	388000	2480	320	291760
1	20	2662	212000	2160	160	239920
1	20	2663	142000	1840	160	208000
1	20	2664	374000	3200	480	377400
1	20	2665	296000	1280	320	159440
1	20	2666	189600	1200	160	142280
1	20	2751	970000	8800	1200	1052440
1	20	3153	114400	1360	160	194400
1	20	3171	224800	2240	1040	364600
1	20	3351	300800	3600	800	503920
1	20	3451	13600	80	80	16680
1	20	3551	111600	640	560	118320
1	20	41	225200	1360	1760	311040
1	20	4151	444800	4240	2960	789560
1	20	4251	841600	8320	3120	1263840
1	20	4351	918000	10160	1200	1302920
1	20	4352	592000	6160	2480	987320
1	20	51	724400	5040	5040	1030360
1	20	5151	36800	320	240	59880
1	20	6151	54800	240	720	83400
1	20	6271	430400	4320	2720	779680
1	20	6452	130000	480	1840	194040
1	20	6471	956400	6160	7600	1282120
1	20	71	511600	3040	4320	710480
1	20	7151	232400	1200	2560	344160
1	20	7152	474400	3040	3840	677040
1	20	7251	116400	320	1600	155680
1	20	7351	360400	1840	3920	527640
1	20	7352	318800	3120	1760	532080
1	20	7451	751200	6880	3680	1171400
1	20	81	106000	1120	240	170040
1	20	8151	301600	1840	3280	480520
1	20	8152	562400	5040	3120	901240
1	20	82	459200	0	320	19280
1	20	8251	460000	2880	640	417280
1	20	8351	877200	9200	2240	1254560
1	20	8451	615200	6640	800	809080
1	20	8462	210800	2080	160	242800
1	20	8551	634000	3600	560	443520
1	20	8562	40400	0	0	NA
1	20	8651	333200	0	480	29360
1	20	8652	269200	0	240	13480
1	20	8663	184000	2000	160	220160
1	20	8664	176400	1840	160	206240
1	20	8665	234000	2480	320	286360
1	20	8666	330000	2240	320	265160
1	20	8751	378000	2000	400	241360
1	20	8762	329600	2240	240	260040
1	20	8763	306400	1280	320	170960
1	20	8764	381600	2320	400	278800
1	20	91	241200	3040	480	392160
1	20	9351	1529200	16480	1680	1986320
1	20	9352	742800	5440	480	610880
1	20	9471	1474400	18160	1600	2119880
1	20	9551	156800	1920	320	248200
1	20	9751	1051200	10000	1360	1250720
1	25	11	764400	6560	4240	823280
1	25	111	321200	3440	1440	357040
1	25	11161	496800	6320	1120	386520
1	25	11262	330400	4160	800	334720
1	25	11263	315200	4240	560	200040
1	25	1171	306800	1760	1840	268040
1	25	121	467200	3920	2640	481640
1	25	122	486800	4160	2320	608960
1	25	1272	620400	6480	1360	374080
1	25	141	202800	1200	1680	283560
1	25	151	463200	1920	4560	488160
1	25	161	337600	2080	2800	460520
1	25	171	354400	3280	1600	480040
1	25	21	156000	1680	800	196640
1	25	22	175200	1920	400	213760
1	25	2371	1177200	12320	1920	799000
1	25	2471	1479600	14400	1360	1216920
1	25	2571	2405600	26560	3040	2642200
1	25	2651	162800	1760	160	190320
1	25	2661	388000	2400	320	234600
1	25	2662	212000	2160	80	218880
1	25	2663	142000	1840	160	199120
1	25	2664	374000	3280	400	337120
1	25	2665	296000	1360	240	168600
1	25	2666	189600	960	160	108120
1	25	2751	970000	3600	720	329480
1	25	3153	114400	1520	0	83680
1	25	3171	224800	2320	880	226760
1	25	3351	300800	3840	720	318040
1	25	3451	13600	80	80	16680
1	25	3551	111600	880	480	116400
1	25	41	225200	1440	1840	294440
1	25	4151	444800	4320	2960	623160
1	25	4251	841600	8720	2720	1013200
1	25	4351	918000	8960	1280	970880
1	25	4352	592000	5840	2480	850920
1	25	51	724400	5040	5200	769080
1	25	5151	36800	240	320	55600
1	25	6151	54800	240	720	82920
1	25	6271	430400	4240	2800	580840
1	25	6452	130000	480	1680	183480
1	25	6471	956400	5520	7600	1099720
1	25	71	511600	3200	4480	675120
1	25	7151	232400	1040	2560	303720
1	25	7152	474400	2960	4000	642080
1	25	7251	116400	400	1600	166800
1	25	7351	360400	1760	3760	472600
1	25	7352	318800	3120	1840	465760
1	25	7451	751200	6720	3600	1028560
1	25	81	106000	1040	400	127400
1	25	8151	301600	1840	3200	455920
1	25	8152	562400	5040	3280	849280
1	25	82	459200	3440	640	409200
1	25	8251	460000	3040	720	378000
1	25	8351	877200	9280	2000	1192360
1	25	8451	615200	6000	960	638080
1	25	8462	210800	0	240	14560
1	25	8551	634000	1520	400	194840
1	25	8562	40400	0	0	NA
1	25	8651	333200	800	400	102000
1	25	8652	269200	0	240	7640
1	25	8663	184000	2080	160	228000
1	25	8664	176400	1920	160	207120
1	25	8665	234000	2560	160	269160
1	25	8666	330000	2160	320	224320
1	25	8751	378000	0	320	18160
1	25	8762	329600	1440	240	168120
1	25	8763	306400	0	160	9800
1	25	8764	381600	0	160	4240
1	25	91	241200	3040	480	NA
1	25	9351	1529200	16640	1520	1536560
1	25	9352	742800	5520	560	591120
1	25	9471	1474400	18160	1760	1551200
1	25	9551	156800	1920	160	122960
1	25	9751	1051200	10160	1440	915400
1	30	11	764400	5680	4000	1049360
1	30	111	321200	3120	1440	530960
1	30	11161	496800	6160	1200	895600
1	30	11262	330400	4080	880	603640
1	30	11263	315200	4160	720	603200
1	30	1171	306800	1200	1760	286000
1	30	121	467200	3760	2400	679760
1	30	122	486800	3440	2400	619760
1	30	1272	620400	5760	1440	894880
1	30	141	202800	1200	1680	283400
1	30	151	463200	2080	4640	607600
1	30	161	337600	2160	2640	482280
1	30	171	354400	3280	1360	530120
1	30	21	156000	1680	640	264160
1	30	22	175200	1920	560	293040
1	30	2371	1177200	12240	2160	1664880
1	30	2471	1479600	14080	1440	1706720
1	30	2571	2405600	26560	3120	3179400
1	30	2651	162800	1040	80	120440
1	30	2661	388000	1280	320	148480
1	30	2662	212000	2080	80	240240
1	30	2663	142000	1920	240	213200
1	30	2664	374000	3280	320	377080
1	30	2665	296000	800	160	99560
1	30	2666	189600	0	160	9800
1	30	2751	970000	3520	1040	448280
1	30	3153	114400	1520	80	212000
1	30	3171	224800	2240	1120	368040
1	30	3351	300800	3840	560	525400
1	30	3451	13600	80	80	16680
1	30	3551	111600	720	560	117760
1	30	41	225200	1360	1680	301240
1	30	4151	444800	4240	2880	748080
1	30	4251	841600	8560	2720	1252640
1	30	4351	918000	9040	1280	1172920
1	30	4352	592000	5760	2320	916040
1	30	51	724400	4880	5280	1025200
1	30	5151	36800	320	320	65600
1	30	6151	54800	240	720	83400
1	30	6271	430400	4240	2560	732560
1	30	6452	130000	560	1760	199840
1	30	6471	956400	5440	7680	1277200
1	30	71	511600	3280	4320	722000
1	30	7151	232400	960	2400	299680
1	30	7152	474400	3040	4080	689560
1	30	7251	116400	400	1440	155360
1	30	7351	360400	1840	3920	526760
1	30	7352	318800	3040	1840	521000
1	30	7451	751200	6640	3760	1128880
1	30	81	106000	1040	400	171400
1	30	8151	301600	1840	3120	458600
1	30	8152	562400	4880	2720	850080
1	30	82	459200	3600	480	491800
1	30	8251	460000	3200	720	443320
1	30	8351	877200	8880	1920	1250880
1	30	8451	615200	5840	800	716280
1	30	8462	210800	1120	240	152480
1	30	8551	634000	1840	560	235080
1	30	8562	40400	0	0	NA
1	30	8651	333200	1200	480	155760
1	30	8652	269200	0	160	10640
1	30	8663	184000	2080	240	235840
1	30	8664	176400	1920	80	220960
1	30	8665	234000	2400	160	269120
1	30	8666	330000	2080	480	250400
1	30	8751	378000	0	400	22200
1	30	8762	329600	240	160	37560
1	30	8763	306400	0	160	9800
1	30	8764	381600	0	400	20640
1	30	91	241200	3040	480	427480
1	30	9351	1529200	16720	1680	2048480
1	30	9352	742800	5520	560	640320
1	30	9471	1474400	18080	1600	2134240
1	30	9551	156800	1920	240	242640
1	30	9751	1051200	10160	1760	1322000
1	35	11	764400	6400	3920	1144080
1	35	111	321200	3280	1440	535840
1	35	11161	496800	6480	960	924760
1	35	11262	330400	4080	880	586320
1	35	11263	315200	4080	720	587680
1	35	1171	306800	2240	1680	421720
1	35	121	467200	3760	2400	657920
1	35	122	486800	4080	2160	675480
1	35	1272	620400	5760	1520	892040
1	35	141	202800	1200	1520	271880
1	35	151	463200	2080	4720	615400
1	35	161	337600	2160	2560	477840
1	35	171	354400	3200	1360	518680
1	35	21	156000	1680	640	270160
1	35	22	175200	1600	480	236600
1	35	2371	1177200	12240	2000	1661080
1	35	2471	1479600	14160	1120	1703080
1	35	2571	2405600	23280	3200	2769320
1	35	2651	162800	960	80	105440
1	35	2661	388000	1440	240	165560
1	35	2662	212000	2240	160	254600
1	35	2663	142000	1920	160	226200
1	35	2664	374000	2960	400	362280
1	35	2665	296000	560	240	77720
1	35	2666	189600	0	160	9800
1	35	2751	970000	8240	880	970040
1	35	3153	114400	1360	80	194360
1	35	3171	224800	2160	960	348240
1	35	3351	300800	3840	720	505920
1	35	3451	13600	80	80	16680
1	35	3551	111600	720	480	126240
1	35	41	225200	1360	1840	315240
1	35	4151	444800	4160	2320	720360
1	35	4251	841600	8640	2240	1251480
1	35	4351	918000	9200	1440	1189960
1	35	4352	592000	5280	1920	861600
1	35	51	724400	4880	5040	1019560
1	35	5151	36800	320	400	60840
1	35	6151	54800	240	720	83400
1	35	6271	430400	4240	2400	721920
1	35	6452	130000	560	1680	194600
1	35	6471	956400	5600	6800	1215840
1	35	71	511600	3360	4400	759960
1	35	7151	232400	960	2560	300240
1	35	7152	474400	2240	3280	501520
1	35	7251	116400	480	1520	172360
1	35	7351	360400	1840	3680	474960
1	35	7352	318800	2160	1280	353600
1	35	7451	751200	6400	3440	1108080
1	35	81	106000	1040	400	171640
1	35	8151	301600	2000	3040	488080
1	35	8152	562400	4880	2720	843520
1	35	82	459200	3120	640	432960
1	35	8251	460000	3040	960	464720
1	35	8351	877200	9040	1840	1259880
1	35	8451	615200	5040	800	632920
1	35	8462	210800	1440	320	183160
1	35	8551	634000	0	640	34800
1	35	8562	40400	0	0	NA
1	35	8651	333200	3360	480	413800
1	35	8652	269200	0	240	14240
1	35	8663	184000	2000	160	228080
1	35	8664	176400	1920	160	228720
1	35	8665	234000	2560	240	313480
1	35	8666	330000	2240	240	251880
1	35	8751	378000	2400	320	295840
1	35	8762	329600	0	240	15360
1	35	8763	306400	0	160	9560
1	35	8764	381600	0	320	16800
1	35	91	241200	3040	320	398520
1	35	9351	1529200	16960	1680	2057280
1	35	9352	742800	5120	400	593720
1	35	9471	1474400	18240	1440	2172400
1	35	9551	156800	2000	160	243360
1	35	9751	1051200	9680	1840	1254640
1	40	11	764400	6560	3760	1114080
1	40	111	321200	3360	1440	521600
1	40	11161	496800	6080	1280	866120
1	40	11262	330400	4000	1280	609680
1	40	11263	315200	4160	720	593840
1	40	1171	306800	2560	1680	452440
1	40	121	467200	3680	2400	659560
1	40	122	486800	3840	2240	654720
1	40	1272	620400	5840	1920	916720
1	40	141	202800	1280	1440	253680
1	40	151	463200	2160	4080	579160
1	40	161	337600	2160	2480	468960
1	40	171	354400	3280	1360	538840
1	40	21	156000	1680	720	272440
1	40	22	175200	1600	480	236000
1	40	2371	1177200	12080	2480	1637080
1	40	2471	1479600	14320	1440	1714320
1	40	2571	2405600	26960	3440	3126400
1	40	2651	162800	960	160	127160
1	40	2661	388000	1440	480	187680
1	40	2662	212000	2080	160	235200
1	40	2663	142000	1760	160	198600
1	40	2664	374000	2880	400	329080
1	40	2665	296000	1120	320	146760
1	40	2666	189600	320	160	43920
1	40	2751	970000	7840	880	928560
1	40	3153	114400	1360	160	196640
1	40	3171	224800	2240	960	367000
1	40	3351	300800	3760	800	556160
1	40	3451	13600	80	80	16680
1	40	3551	111600	800	400	134200
1	40	41	225200	1360	1680	293800
1	40	4151	444800	4240	2320	714600
1	40	4251	841600	8560	2400	1180200
1	40	4351	918000	8320	1440	1112080
1	40	4352	592000	5200	2240	832480
1	40	51	724400	4720	4720	965000
1	40	5151	36800	240	320	55600
1	40	6151	54800	240	640	77840
1	40	6271	430400	4080	2160	705640
1	40	6452	130000	560	1680	194600
1	40	6471	956400	5600	6000	1167000
1	40	71	511600	3360	4080	735000
1	40	7151	232400	1040	2400	311360
1	40	7152	474400	2320	2960	524680
1	40	7251	116400	480	1440	166640
1	40	7351	360400	1840	3680	510720
1	40	7352	318800	2240	1360	397320
1	40	7451	751200	6480	3280	1081400
1	40	81	106000	0	480	32960
1	40	8151	301600	2000	3040	488480
1	40	8152	562400	4800	2640	845880
1	40	82	459200	2560	640	358120
1	40	8251	460000	3200	960	476920
1	40	8351	877200	8960	2320	1289960
1	40	8451	615200	4800	960	645440
1	40	8462	210800	1440	240	171560
1	40	8551	634000	0	400	21520
1	40	8562	40400	0	0	NA
1	40	8651	333200	3600	480	457800
1	40	8652	269200	400	240	53760
1	40	8663	184000	2080	160	230360
1	40	8664	176400	1840	160	203680
1	40	8665	234000	2560	400	288040
1	40	8666	330000	1920	400	228920
1	40	8751	378000	3520	400	458240
1	40	8762	329600	0	240	11040
1	40	8763	306400	0	240	13160
1	40	8764	381600	400	320	62760
1	40	91	241200	2640	400	356800
1	40	9351	1529200	16560	1920	2042760
1	40	9352	742800	5040	560	587680
1	40	9471	1474400	18320	1360	2182320
1	40	9551	156800	1840	160	231920
1	40	9751	1051200	5760	1680	789720
1	45	11	764400	6320	4160	799880
1	45	111	321200	3200	1600	360480
1	45	11161	496800	5360	1680	451760
1	45	11262	330400	4000	1280	330160
1	45	11263	315200	4160	880	243960
1	45	1171	306800	2240	1600	322600
1	45	121	467200	3680	2560	523080
1	45	122	486800	3840	2560	499840
1	45	1272	620400	5040	1920	423680
1	45	141	202800	1200	1600	243760
1	45	151	463200	2240	4560	NA
1	45	161	337600	2080	2400	432400
1	45	171	354400	3200	1280	401640
1	45	21	156000	1600	720	132240
1	45	22	175200	1280	560	155160
1	45	2371	1177200	12000	2400	689680
1	45	2471	1479600	14400	1360	984120
1	45	2571	2405600	25280	3760	2138960
1	45	2651	162800	800	80	75000
1	45	2661	388000	1680	400	210840
1	45	2662	212000	2240	160	219680
1	45	2663	142000	1680	0	192960
1	45	2664	374000	3360	480	336280
1	45	2665	296000	0	240	13200
1	45	2666	189600	1040	160	99000
1	45	2751	970000	8240	960	558840
1	45	3153	114400	1360	160	57640
1	45	3171	224800	2240	960	222080
1	45	3351	300800	3760	880	343600
1	45	3451	13600	80	80	16360
1	45	3551	111600	640	480	88400
1	45	41	225200	1360	1840	256200
1	45	4151	444800	4000	2640	563960
1	45	4251	841600	6800	2560	702040
1	45	4351	918000	8080	1440	895120
1	45	4352	592000	4320	2160	615600
1	45	51	724400	4720	5040	754040
1	45	5151	36800	160	320	44160
1	45	6151	54800	240	640	66720
1	45	6271	430400	4000	2320	599480
1	45	6452	130000	560	1520	172360
1	45	6471	956400	5760	5760	1012240
1	45	71	511600	3280	4400	677760
1	45	7151	232400	1040	2240	288240
1	45	7152	474400	2320	3120	489160
1	45	7251	116400	480	1440	155120
1	45	7351	360400	1840	3600	471240
1	45	7352	318800	2400	1280	311040
1	45	7451	751200	6240	4000	934040
1	45	81	106000	240	560	70920
1	45	8151	301600	1920	2960	436280
1	45	8152	562400	4800	2560	723240
1	45	82	459200	2320	720	255800
1	45	8251	460000	3040	800	302240
1	45	8351	877200	8880	2560	1050320
1	45	8451	615200	5920	880	599720
1	45	8462	210800	2080	480	238800
1	45	8551	634000	0	560	30920
1	45	8562	40400	0	0	NA
1	45	8651	333200	3600	400	366040
1	45	8652	269200	2640	240	279800
1	45	8663	184000	1520	160	172240
1	45	8664	176400	1680	160	185680
1	45	8665	234000	2240	160	233040
1	45	8666	330000	1280	400	171760
1	45	8751	378000	3520	400	388520
1	45	8762	329600	1200	560	137120
1	45	8763	306400	0	320	14520
1	45	8764	381600	1040	480	130000
1	45	91	241200	2720	320	140120
1	45	9351	1529200	16800	1600	1376920
1	45	9352	742800	4880	720	437200
1	45	9471	1474400	18160	1440	1377280
1	45	9551	156800	1920	160	122400
1	45	9751	1051200	12240	2400	1059040
1	50	11	764400	6000	4720	1127720
1	50	111	321200	3120	1680	530520
1	50	11161	496800	6160	1600	840640
1	50	11262	330400	4080	1360	615800
1	50	11263	315200	4080	960	606560
1	50	1171	306800	2320	1920	438120
1	50	121	467200	3680	2960	695560
1	50	122	486800	3920	2800	684600
1	50	1272	620400	6640	2240	996040
1	50	141	202800	1120	1840	271880
1	50	151	463200	2240	4640	630080
1	50	161	337600	2080	2640	459400
1	50	171	354400	3040	1440	503600
1	50	21	156000	1280	960	233200
1	50	22	175200	1600	560	241240
1	50	2371	1177200	11840	2400	1632800
1	50	2471	1479600	13920	1360	1724040
1	50	2571	2405600	24240	3360	2851640
1	50	2651	162800	80	160	18760
1	50	2661	388000	1920	480	254480
1	50	2662	212000	1840	160	205680
1	50	2663	142000	0	160	10720
1	50	2664	374000	3280	480	398240
1	50	2665	296000	0	400	23680
1	50	2666	189600	640	160	85120
1	50	2751	970000	8240	1040	983680
1	50	3153	114400	1280	80	183320
1	50	3171	224800	2080	800	314760
1	50	3351	300800	2320	640	345360
1	50	3451	13600	80	80	16360
1	50	3551	111600	1040	560	153080
1	50	41	225200	1360	1920	318120
1	50	4151	444800	4080	2640	729400
1	50	4251	841600	7520	2640	1108600
1	50	4351	918000	8080	1520	1100600
1	50	4352	592000	3920	2320	672480
1	50	51	724400	4720	5600	1018400
1	50	5151	36800	320	320	66560
1	50	6151	54800	320	640	88960
1	50	6271	430400	4000	2400	700160
1	50	6452	130000	560	1600	189040
1	50	6471	956400	6160	6080	1225120
1	50	71	511600	3440	4240	757880
1	50	7151	232400	1040	2240	285600
1	50	7152	474400	2320	3040	532320
1	50	7251	116400	480	1520	172040
1	50	7351	360400	1840	3600	501640
1	50	7352	318800	2320	1360	394360
1	50	7451	751200	6160	3760	1082440
1	50	81	106000	560	480	99040
1	50	8151	301600	2000	2880	477440
1	50	8152	562400	4720	2880	846160
1	50	82	459200	1840	880	287760
1	50	8251	460000	3360	1040	482440
1	50	8351	877200	8560	2960	1250840
1	50	8451	615200	6240	960	799760
1	50	8462	210800	1920	240	249520
1	50	8551	634000	0	560	36040
1	50	8562	40400	0	80	4240
1	50	8651	333200	3600	480	470000
1	50	8652	269200	2400	320	294720
1	50	8663	184000	1600	240	183680
1	50	8664	176400	1760	160	205520
1	50	8665	234000	2240	320	267720
1	50	8666	330000	2240	240	268200
1	50	8751	378000	3840	320	475560
1	50	8762	329600	1360	400	168600
1	50	8763	306400	0	320	15840
1	50	8764	381600	1680	400	221160
1	50	91	241200	2640	400	344840
1	50	9351	1529200	16800	2160	2050800
1	50	9352	742800	4720	720	581080
1	50	9471	1474400	18000	1440	2157600
1	50	9551	156800	2000	160	251600
1	50	9751	1051200	12400	2480	1664720
1	55	11	764400	6000	5280	1161520
1	55	111	321200	3280	1760	546200
1	55	11161	496800	6080	1600	877920
1	55	11262	330400	3680	1360	552240
1	55	11263	315200	4000	1120	601280
1	55	1171	306800	2240	2320	429800
1	55	121	467200	3520	3360	680080
1	55	122	486800	3680	3200	697680
1	55	1272	620400	6480	2800	1000360
1	55	141	202800	1200	1840	292600
1	55	151	463200	2320	4640	632400
1	55	161	337600	2160	2880	499360
1	55	171	354400	3120	1840	556360
1	55	21	156000	1360	880	241560
1	55	22	175200	1840	720	288120
1	55	2371	1177200	11840	2800	1652240
1	55	2471	1479600	10800	1200	1342360
1	55	2571	2405600	23520	4080	2894360
1	55	2651	162800	800	160	115720
1	55	2661	388000	3280	320	405240
1	55	2662	212000	1920	160	210720
1	55	2663	142000	1040	80	118800
1	55	2664	374000	4160	320	483400
1	55	2665	296000	0	240	15040
1	55	2666	189600	1440	80	169000
1	55	2751	970000	6560	1280	826320
1	55	3153	114400	1280	160	182480
1	55	3171	224800	2160	1120	358640
1	55	3351	300800	2160	880	342840
1	55	3451	13600	80	160	21920
1	55	3551	111600	960	560	160240
1	55	41	225200	1440	1920	332160
1	55	4151	444800	3840	3520	747040
1	55	4251	841600	7600	3200	1174840
1	55	4351	918000	8240	1680	1131520
1	55	4352	592000	3280	2560	610520
1	55	51	724400	4720	5600	1006720
1	55	5151	36800	240	320	51760
1	55	6151	54800	240	640	77840
1	55	6271	430400	3920	2720	705240
1	55	6452	130000	560	1600	189040
1	55	6471	956400	5760	6880	1237080
1	55	71	511600	3280	5040	791880
1	55	7151	232400	960	2480	305240
1	55	7152	474400	2320	3600	546280
1	55	7251	116400	400	1600	166800
1	55	7351	360400	1520	3520	451520
1	55	7352	318800	2000	1120	340800
1	55	7451	751200	6000	4160	1073240
1	55	81	106000	560	560	115400
1	55	8151	301600	2080	3040	489120
1	55	8152	562400	4720	3040	850640
1	55	82	459200	4320	880	600280
1	55	8251	460000	3520	1360	542600
1	55	8351	877200	8560	2880	1271400
1	55	8451	615200	2960	1120	428480
1	55	8462	210800	0	320	22080
1	55	8551	634000	1360	480	196680
1	55	8562	40400	240	80	28560
1	55	8651	333200	3680	560	481720
1	55	8652	269200	2800	240	353760
1	55	8663	184000	1600	160	184360
1	55	8664	176400	1760	160	217520
1	55	8665	234000	2160	160	259320
1	55	8666	330400	3360	480	412560
1	55	8751	378000	0	320	16920
1	55	8762	329600	2000	400	233800
1	55	8763	306400	1760	240	232720
1	55	8764	381600	4160	480	507880
1	55	91	241200	2720	560	390560
1	55	9351	1529200	14720	1440	1859840
1	55	9352	742800	4560	720	545600
1	55	9471	1474400	18240	1440	2229040
1	55	9551	156800	1920	160	256080
1	55	9751	1051200	12400	2240	1588280
1	60	11	764400	5120	5760	1072320
1	60	111	321200	3280	2080	576000
1	60	11161	496800	5920	2320	900160
1	60	11262	330400	3680	1680	554080
1	60	11263	315200	4000	1280	590160
1	60	1171	306800	2240	2400	455080
1	60	121	467200	3520	3360	674160
1	60	122	486800	3680	3680	743960
1	60	1272	620400	6400	2720	1005400
1	60	141	202800	1200	2000	301680
1	60	151	463200	2160	5280	661120
1	60	161	337600	2000	3360	484720
1	60	171	354400	3120	2000	556200
1	60	21	156000	1360	1040	251720
1	60	22	175200	1680	800	279520
1	60	2371	1177200	11600	2800	1593480
1	60	2471	1479600	11120	1440	1429560
1	60	2571	2405600	18160	3360	2224120
1	60	2651	162800	880	160	125040
1	60	2661	388000	4000	480	462480
1	60	2662	212000	2400	160	284240
1	60	2663	142000	1280	160	159920
1	60	2664	374000	4080	480	471000
1	60	2665	296000	0	320	19360
1	60	2666	189600	2160	160	251680
1	60	2751	970000	6880	1440	885560
1	60	3153	114400	1280	240	190760
1	60	3171	224800	2160	1120	364160
1	60	3351	300800	2400	880	370480
1	60	3451	13600	80	160	22000
1	60	3551	111600	960	720	170720
1	60	41	225200	1360	2160	314680
1	60	4151	444800	3840	3840	756320
1	60	4251	841600	7600	4000	1191600
1	60	4351	918000	8160	1760	1119880
1	60	4352	592000	3680	2800	675080
1	60	51	724400	4560	6640	1051520
1	60	5151	36800	320	400	72040
1	60	6151	54800	320	640	88960
1	60	6271	430400	3520	3520	673120
1	60	6452	130000	560	1760	187920
1	60	6471	956400	5600	7360	1254400
1	60	71	511600	3120	5280	792240
1	60	7151	232400	960	2480	303000
1	60	7152	474400	2160	3520	541600
1	60	7251	116400	400	1600	165680
1	60	7351	360400	1360	3520	428800
1	60	7352	318800	2000	1520	345800
1	60	7451	751200	5840	4960	1133000
1	60	81	106000	640	720	125320
1	60	8151	301600	2000	2960	444200
1	60	8152	562400	4640	4240	886840
1	60	82	459200	5040	720	701200
1	60	8251	460000	3360	1440	515280
1	60	8351	877200	8800	3440	1298320
1	60	8451	615200	5360	1280	735280
1	60	8462	210800	480	400	80960
1	60	8551	634000	2240	720	332200
1	60	8562	40400	400	80	48640
1	60	8651	333200	3280	400	454960
1	60	8652	269200	2800	240	365080
1	60	8663	184000	1520	160	170000
1	60	8664	176400	1840	160	216400
1	60	8665	234000	2080	240	237200
1	60	8666	330400	2880	400	356120
1	60	8751	378000	0	320	22080
1	60	8762	329600	3360	400	410600
1	60	8763	306400	3200	400	424160
1	60	8764	381600	4160	640	523400
1	60	91	241200	2720	480	374760
1	60	9351	1529200	14720	1760	1775520
1	60	9352	742800	4240	800	529120
1	60	9471	1474400	18000	1280	2196240
1	60	9551	156800	1920	80	234840
1	60	9751	1051200	12320	2880	1571160
1	65	11	764400	5760	6080	1137640
1	65	111	321200	3200	2320	574440
1	65	11161	496800	5840	2400	870760
1	65	11262	330400	3280	1600	510880
1	65	11263	315200	4000	1360	609840
1	65	1171	306800	2000	2560	425480
1	65	121	467200	3520	3920	716560
1	65	122	486800	3600	3920	714560
1	65	1272	620400	6160	2800	976120
1	65	141	202800	1200	2000	292120
1	65	151	463200	2160	5440	638720
1	65	161	337600	2000	3280	491640
1	65	171	354400	3120	2160	566760
1	65	21	156000	1280	1200	240600
1	65	22	175200	1600	640	252000
1	65	2371	1177200	12000	3040	1668280
1	65	2471	1479600	11600	1520	1510120
1	65	2571	2405600	24480	3600	2902720
1	65	2651	162800	0	160	9560
1	65	2661	388000	3920	400	464360
1	65	2662	212000	2480	240	273440
1	65	2663	142000	1200	0	157280
1	65	2664	374000	4160	480	509880
1	65	2665	296000	1440	480	200720
1	65	2666	189600	0	80	4000
1	65	2751	970000	6560	1200	805440
1	65	3153	114400	1280	240	192240
1	65	3171	224800	2160	1280	362000
1	65	3351	300800	2480	800	382200
1	65	3451	13600	80	160	22240
1	65	3551	111600	960	800	174840
1	65	41	225200	1360	2240	341760
1	65	4151	444800	3760	3920	724360
1	65	4251	841600	7360	4560	1233600
1	65	4351	918000	7440	1840	1047520
1	65	4352	592000	4000	2880	733040
1	65	51	724400	4480	7040	1099440
1	65	5151	36800	240	400	60920
1	65	6151	54800	240	560	72280
1	65	6271	430400	3440	3440	679640
1	65	6452	130000	640	1680	194280
1	65	6471	956400	4640	7360	1112880
1	65	71	511600	3200	5600	824240
1	65	7151	232400	960	2640	313240
1	65	7152	474400	2320	3760	581080
1	65	7251	116400	480	1520	172360
1	65	7351	360400	1360	4000	453520
1	65	7352	318800	2000	1760	389200
1	65	7451	751200	5760	5680	1134520
1	65	81	106000	400	640	98560
1	65	8151	301600	1920	3040	466320
1	65	8152	562400	4240	4240	867240
1	65	82	459200	4640	720	639960
1	65	8251	460000	2160	1280	363120
1	65	8351	877200	8880	3600	1339000
1	65	8451	615200	1120	1040	211080
1	65	8462	210800	1360	320	192160
1	65	8551	634000	4960	800	654360
1	65	8562	40400	240	0	24480
1	65	8651	333200	3040	320	401840
1	65	8652	269200	2800	320	355720
1	65	8663	184000	1600	160	180960
1	65	8664	176400	800	160	99400
1	65	8665	234000	2000	320	254200
1	65	8666	330400	3600	400	420520
1	65	8751	378000	560	480	103560
1	65	8762	329600	0	160	7680
1	65	8763	306400	2400	560	324200
1	65	8764	381600	4160	400	505720
1	65	91	241200	2640	400	344320
1	65	9351	1529200	15840	1760	1927200
1	65	9352	742800	3600	560	449520
1	65	9471	1474400	17920	1360	2181360
1	65	9551	156800	1920	80	236760
1	65	9751	1051200	12560	2720	1629520
1	70	11	764400	5600	6480	1052400
1	70	111	321200	3200	2480	508680
1	70	11161	496800	5920	2560	643560
1	70	11262	330400	3360	1760	400560
1	70	11263	315200	3840	1520	335320
1	70	1171	306800	2240	2560	395840
1	70	121	467200	3360	3840	601480
1	70	122	486800	3520	4000	644760
1	70	1272	620400	6240	3440	632520
1	70	141	202800	1200	2240	293080
1	70	151	463200	2160	5440	623400
1	70	161	337600	2000	3280	478760
1	70	171	354400	3200	2080	522000
1	70	21	156000	1360	1040	209080
1	70	22	175200	1680	640	256240
1	70	2371	1177200	11600	2720	893760
1	70	2471	1479600	13840	1840	970680
1	70	2571	2405600	25280	3840	2246480
1	70	2651	162800	0	80	5560
1	70	2661	388000	4080	400	NA
1	70	2662	212000	2480	240	229480
1	70	2663	142000	1280	0	148560
1	70	2664	374000	3840	320	423400
1	70	2665	296000	2640	240	253120
1	70	2666	189600	160	240	31160
1	70	2751	970000	11680	960	845080
1	70	3153	114400	1200	240	51840
1	70	3171	224800	2160	1520	275680
1	70	3351	300800	2960	1120	269880
1	70	3451	13600	80	0	0
1	70	3551	111600	1040	800	151560
1	70	41	225200	1360	2160	283000
1	70	4151	444800	3760	4240	678440
1	70	4251	841600	7280	4560	961920
1	70	4351	918000	5600	1840	670600
1	70	4352	592000	3680	3360	624160
1	70	51	724400	4640	7200	934960
1	70	5151	36800	240	320	32800
1	70	6151	54800	320	560	77840
1	70	6271	430400	3520	3920	661400
1	70	6452	130000	640	1680	204040
1	70	6471	956400	3520	8080	897240
1	70	71	511600	3200	5680	767160
1	70	7151	232400	960	2640	304760
1	70	7152	474400	1360	3680	428160
1	70	7251	116400	480	1520	171480
1	70	7351	360400	1440	4160	435560
1	70	7352	318800	2000	2080	404320
1	70	7451	751200	5600	5600	1021200
1	70	81	106000	880	720	157960
1	70	8151	301600	1840	3040	418880
1	70	8152	562400	4240	4480	791960
1	70	82	459200	4480	880	545800
1	70	8251	460000	3120	1520	439520
1	70	8351	877200	8160	4000	1149600
1	70	8451	615200	3680	1200	415880
1	70	8462	210800	1040	400	118440
1	70	8551	634000	800	400	122040
1	70	8562	40400	400	80	48800
1	70	8651	333200	2960	480	341480
1	70	8652	269200	2480	320	272920
1	70	8663	184000	1680	160	186320
1	70	8664	176400	640	160	66560
1	70	8665	234000	2000	160	199600
1	70	8666	330400	3520	400	387160
1	70	8751	378000	1760	480	229440
1	70	8762	329600	1200	320	122120
1	70	8763	306400	3280	480	391760
1	70	8764	381600	2640	480	303200
1	70	91	241200	2640	480	202320
1	70	9351	1529200	14480	1760	1189320
1	70	9352	742800	5520	640	527640
1	70	9471	1474400	18080	1280	1454760
1	70	9551	156800	1920	80	122000
1	70	9751	1051200	12160	2560	1107720
1	75	11	764400	5520	6320	1149000
1	75	111	321200	3120	2560	587920
1	75	11161	496800	5600	2640	879480
1	75	11262	330400	2000	2080	372960
1	75	11263	315200	3680	1760	596160
1	75	1171	306800	2240	2640	457000
1	75	121	467200	3360	4160	735680
1	75	122	486800	3520	3920	707960
1	75	1272	620400	6240	3360	1050720
1	75	141	202800	1200	2080	300240
1	75	151	463200	2080	5360	645160
1	75	161	337600	2000	3360	506880
1	75	171	354400	3040	2000	558680
1	75	21	156000	1360	1200	261480
1	75	22	175200	1680	880	277600
1	75	2371	1177200	11680	3360	1663760
1	75	2471	1479600	0	1440	86760
1	75	2571	2405600	26480	4000	3351640
1	75	2651	162800	80	160	20680
1	75	2661	388000	4160	400	515320
1	75	2662	212000	2240	160	275560
1	75	2663	142000	1200	0	157920
1	75	2664	374000	3920	400	474160
1	75	2665	296000	2880	320	367160
1	75	2666	189600	320	240	52440
1	75	2751	970000	11600	1200	1372200
1	75	3153	114400	1200	400	170280
1	75	3171	224800	2080	1600	375400
1	75	3351	300800	2960	1120	456720
1	75	3451	13600	80	160	21920
1	75	3551	111600	960	800	184800
1	75	41	225200	1280	2240	330320
1	75	4151	444800	3760	4560	804520
1	75	4251	841600	6560	4560	1104720
1	75	4351	918000	2960	1920	485840
1	75	4352	592000	3760	3600	729960
1	75	51	724400	4560	6800	1084200
1	75	5151	36800	240	400	60840
1	75	6151	54800	320	560	83400
1	75	6271	430400	3600	4000	732640
1	75	6452	130000	640	1680	191160
1	75	6471	956400	5840	8160	1312680
1	75	71	511600	3120	5600	816080
1	75	7151	232400	1040	2560	320800
1	75	7152	474400	1840	4080	523400
1	75	7251	116400	480	1520	171000
1	75	7351	360400	1440	4080	481000
1	75	7352	318800	2240	2080	444000
1	75	7451	751200	2640	5520	723720
1	75	81	106000	720	720	149240
1	75	8151	301600	1840	3040	464240
1	75	8152	562400	4320	4720	908360
1	75	82	459200	4640	800	655920
1	75	8251	460000	3680	1440	570120
1	75	8351	877200	8320	4240	1326920
1	75	8451	615200	1760	1200	290840
1	75	8462	210800	720	320	113600
1	75	8551	634000	2320	800	322640
1	75	8562	40400	240	80	31000
1	75	8651	333200	2880	560	402280
1	75	8652	269200	2400	240	319040
1	75	8663	184000	1760	80	198640
1	75	8664	176400	800	240	103880
1	75	8665	234000	880	240	113400
1	75	8666	330400	2480	400	295160
1	75	8751	378000	880	400	134480
1	75	8762	329600	640	240	87520
1	75	8763	306400	800	240	118280
1	75	8764	381600	2240	320	286840
1	75	91	241200	2080	560	303400
1	75	9351	1529200	9840	1760	1286920
1	75	9352	742800	5840	800	692240
1	75	9471	1474400	18240	1360	2248720
1	75	9551	156800	2000	160	249680
1	75	9751	1051200	12000	2880	1605600
1	80	11	764400	5920	6160	1188960
1	80	111	321200	3040	2480	579400
1	80	11161	496800	5600	2720	897080
1	80	11262	330400	2960	1840	522360
1	80	11263	315200	3040	2000	535800
1	80	1171	306800	2160	2560	444600
1	80	121	467200	3200	4240	710480
1	80	122	486800	3520	4000	734640
1	80	1272	620400	6160	3360	1023240
1	80	141	202800	1200	2080	310160
1	80	151	463200	2240	5120	663360
1	80	161	337600	1840	3200	472960
1	80	171	354400	2960	2080	552560
1	80	21	156000	1440	1120	251440
1	80	22	175200	1680	800	248000
1	80	2371	1177200	11440	3760	1676920
1	80	2471	1479600	13120	1600	1640760
1	80	2571	2405600	28240	3840	3599360
1	80	2651	162800	400	240	70680
1	80	2661	388000	2160	320	288880
1	80	2662	212000	1440	80	171520
1	80	2663	142000	1200	80	146920
1	80	2664	374000	3280	240	420440
1	80	2665	296000	2400	240	315640
1	80	2666	189600	1440	240	166720
1	80	2751	970000	11760	1200	1417800
1	80	3153	114400	1040	400	163160
1	80	3171	224800	2000	1760	382560
1	80	3351	300800	2560	1120	391400
1	80	3451	13600	80	160	22240
1	80	3551	111600	960	1040	186840
1	80	41	225200	1280	2240	332080
1	80	4151	444800	3760	4400	764480
1	80	4251	841600	6000	4720	1076960
1	80	4351	918000	4000	2480	651920
1	80	4352	592000	4000	4000	790720
1	80	51	724400	4560	6960	1081680
1	80	5151	36800	320	400	71720
1	80	6151	54800	320	640	88960
1	80	6271	430400	3600	3920	746920
1	80	6452	130000	560	1600	188480
1	80	6471	956400	5760	8560	1325600
1	80	71	511600	3040	5520	786120
1	80	7151	232400	1040	2720	330480
1	80	7152	474400	1440	4000	470480
1	80	7251	116400	480	1440	166240
1	80	7351	360400	1440	4160	488080
1	80	7352	318800	2240	1760	410480
1	80	7451	751200	4640	5360	993840
1	80	81	106000	800	720	149880
1	80	8151	301600	1920	3120	479400
1	80	8152	562400	4400	4480	891040
1	80	82	459200	4480	720	585960
1	80	8251	460000	4160	1600	653480
1	80	8351	877200	8320	4560	1356720
1	80	8451	615200	3360	1280	502880
1	80	8462	210800	800	320	122560
1	80	8551	634000	3360	960	482560
1	80	8562	40400	400	0	42400
1	80	8651	333200	2160	480	297080
1	80	8652	269200	0	400	24880
1	80	8663	184000	1680	160	200960
1	80	8664	176400	1680	240	211280
1	80	8665	234000	2080	240	235960
1	80	8666	330400	2400	320	291800
1	80	8751	378000	3360	320	435680
1	80	8762	329600	960	240	134040
1	80	8763	306400	2240	240	293520
1	80	8764	381600	1920	320	248080
1	80	91	241200	2400	400	318360
1	80	9351	1529200	13840	1520	1731240
1	80	9352	742800	6160	640	731320
1	80	9471	1474400	17840	1280	2178040
1	80	9551	156800	2000	160	253600
1	80	9751	1051200	12080	3040	1676280
1	85	11	764400	5680	5920	1159520
1	85	111	321200	3120	2560	599680
1	85	11161	496800	5520	3280	936600
1	85	11262	330400	2800	2080	505360
1	85	11263	315200	2480	2000	469960
1	85	1171	306800	2160	2640	463240
1	85	121	467200	3120	4240	707000
1	85	122	486800	3440	3920	730440
1	85	1272	620400	6320	3520	1075960
1	85	141	202800	1120	2080	297680
1	85	151	463200	2160	5520	662800
1	85	161	337600	1920	3280	492760
1	85	171	354400	2880	2000	536840
1	85	21	156000	1520	1280	296800
1	85	22	175200	1760	720	280600
1	85	2371	1177200	10640	4000	1620800
1	85	2471	1479600	13760	1680	1754840
1	85	2571	2405600	30240	4720	3824960
1	85	2651	162800	0	160	11120
1	85	2661	388000	2080	240	267560
1	85	2662	212000	1440	160	190520
1	85	2663	142000	1280	0	159040
1	85	2664	374000	3200	320	402840
1	85	2665	296000	2080	240	252880
1	85	2666	189600	1440	160	184720
1	85	2751	970000	12000	1200	1470240
1	85	3153	114400	1120	480	172640
1	85	3171	224800	2080	1600	389600
1	85	3351	300800	720	1280	180960
1	85	3451	13600	80	80	16680
1	85	3551	111600	880	880	179400
1	85	41	225200	1200	2400	332160
1	85	4151	444800	3600	4320	775280
1	85	4251	841600	7680	4800	1289440
1	85	4351	918400	6160	2240	931160
1	85	4352	592000	4240	3920	835240
1	85	51	724400	4400	7280	1097960
1	85	5151	36800	240	320	55600
1	85	6151	54800	320	560	72280
1	85	6271	430400	3520	3760	700280
1	85	6452	130000	640	1680	205160
1	85	6471	956400	5840	8000	1306360
1	85	71	511600	3120	5440	795520
1	85	7151	232400	880	2560	299120
1	85	7152	474400	2160	4080	567800
1	85	7251	116400	560	1440	177440
1	85	7351	360400	1520	4000	475120
1	85	7352	318800	2240	2000	411120
1	85	7451	751200	4800	5520	1003280
1	85	81	106000	720	720	148040
1	85	8151	301600	1840	2960	458360
1	85	8152	562400	4400	4960	931400
1	85	82	459200	4480	720	613240
1	85	8251	460000	4160	1680	638040
1	85	8351	877200	8240	4960	1379240
1	85	8451	615200	3360	1200	483680
1	85	8462	210800	0	320	22000
1	85	8551	634000	4080	800	539760
1	85	8562	40400	480	80	56760
1	85	8651	333200	2000	480	279640
1	85	8652	269200	2000	160	245200
1	85	8663	184000	1360	240	174280
1	85	8664	176400	1120	320	148160
1	85	8665	234000	2320	240	307480
1	85	8666	330400	2400	320	307760
1	85	8751	378000	3200	480	417760
1	85	8762	329600	960	400	135040
1	85	8763	306400	2320	240	303440
1	85	8764	381600	0	240	14040
1	85	91	241200	2640	640	394040
1	85	9351	1529200	12640	1680	1620480
1	85	9352	742800	6720	720	767320
1	85	9471	1474400	17680	1280	2112440
1	85	9551	156800	2000	80	251520
1	85	9751	1051200	12080	3200	1663120
1	90	11	764400	5360	5680	1109800
1	90	111	321200	3040	2880	609480
1	90	11161	496800	5360	3200	927520
1	90	11262	330400	2560	2240	494080
1	90	11263	315200	2880	2080	517360
1	90	1171	306800	2080	2720	451920
1	90	121	467200	3120	4160	714160
1	90	122	486800	3360	4000	710960
1	90	1272	620400	6000	3760	1009400
1	90	141	202800	1120	2000	279400
1	90	151	463200	2240	5360	681080
1	90	161	337600	1920	3040	464640
1	90	171	354400	3040	2000	535160
1	90	21	156000	1200	1280	237600
1	90	22	175200	1680	960	279680
1	90	2371	1177200	11840	4480	1774080
1	90	2471	1479600	14560	1600	1879120
1	90	2571	2405600	28720	4720	3674240
1	90	2651	162800	0	160	7920
1	90	2661	388000	1840	320	232920
1	90	2662	212000	1760	160	215800
1	90	2663	142000	1200	160	162280
1	90	2664	374000	3280	400	432000
1	90	2665	296000	2080	240	268840
1	90	2666	189600	1360	160	170200
1	90	2751	970000	10320	1040	1261040
1	90	3153	114400	560	400	102920
1	90	3171	224800	2080	1600	357720
1	90	3351	300800	2080	1600	383440
1	90	3451	13600	80	80	16520
1	90	3551	111600	880	880	169960
1	90	41	225200	1280	2320	335880
1	90	4151	444800	3680	3920	772520
1	90	4251	841600	6560	4400	1175400
1	90	4351	918400	6320	2480	952760
1	90	4352	592000	3520	3840	735640
1	90	51	724400	4320	7120	1078520
1	90	5151	36800	240	320	55280
1	90	6151	54800	320	560	82920
1	90	6271	430400	3520	3840	720080
1	90	6452	130000	640	1600	199520
1	90	6471	956400	5840	8320	1320200
1	90	71	511600	3040	5440	760640
1	90	7151	232400	1040	2720	320560
1	90	7152	474400	1600	3920	467080
1	90	7251	116400	480	1440	165360
1	90	7351	360400	1520	4000	486880
1	90	7352	318800	2560	2080	472160
1	90	7451	751200	5040	5600	985000
1	90	81	106000	0	640	42360
1	90	8151	301600	1840	2960	457720
1	90	8152	562400	4320	4800	900400
1	90	82	459200	4400	720	618720
1	90	8251	460000	3600	1760	612320
1	90	8351	877200	7920	4800	1325160
1	90	8451	615200	4320	1280	631120
1	90	8462	210800	0	400	25920
1	90	8551	634000	2720	560	369240
1	90	8562	40400	480	0	58320
1	90	8651	333200	2320	480	301000
1	90	8652	269200	2000	400	272560
1	90	8663	184000	640	240	94840
1	90	8664	176400	800	240	114360
1	90	8665	234000	1840	240	236320
1	90	8666	330400	2240	240	277000
1	90	8751	378000	3200	320	393480
1	90	8762	329600	480	160	69080
1	90	8763	306400	2000	240	248320
1	90	8764	381600	1440	240	205840
1	90	91	241200	2240	560	307800
1	90	9351	1529200	14400	1760	1913600
1	90	9352	742800	5520	800	679480
1	90	9471	1474400	16400	1520	2101560
1	90	9551	156800	2000	160	261000
1	90	9751	1051200	11760	3280	1720200
